0
3 9 33 129
4 16 64 256
5 17 65 257
7 13 25 49 97 193 259 385
10 40 130 160
11 41 131 161
15 57 225 387
19 37 67 73 133 145 265 289
20 80 260 320
27 45 105 135 177 195 267 417
31 61 121 241 271 391 451 481
34 136
35 137
38 50 98 140 152 200 290 392
39 51 99 141 153 201 291 393
42 138 162 168
43 139 163 169
47 59 143 185 227 233 395 419
55 217 355 397
63 249 399 483
75 147 165 297
91 151 181 211 301 331 361 421
107 155 167 173 179 203 299 425
115 157 295 457
123 159 189 243 303 423 459 489
183 219 363 429
