161,99,141
161,99,153
161,99,201
161,99,393
9,183,363
67,137,38
67,137,50
450,3,13
450,3,133
33,41,155
9,0,0
9,0,3
9,0,9
9,0,33
9,0,129
449,128,3
449,128,33
99,393,131
160,3,143
160,3,271
160,3,301
160,3,391
160,3,395
15,143,259
15,143,291
146,42,157
203,167,265
264,33,91
264,33,121
264,33,211
264,33,241
224,65,161
47,143,259
483,328,35
483,328,162
364,1,0
189,106,162
189,106,164
189,106,176
474,160,3
474,160,33
474,160,65
474,160,67
474,160,97
330,0,0
41,179,361
192,33,91
192,33,121
192,33,139
192,33,155
192,33,169
192,33,185
192,33,203
192,33,211
192,33,233
192,33,241
3,11,173
26,168,115
249,33,0
249,33,16
249,33,64
225,481,131
462,130,3
462,130,33
462,130,257
462,130,259
462,130,289
147,33,73
147,33,80
147,33,136
175,510,170
225,137,38
225,137,50
268,131,291
35,152,41
395,0,0
126,42,13
126,42,133
126,42,137
96,9,31
96,9,61
96,9,151
96,9,181
210,1,3
210,1,33
263,9,20
233,49,40
58,44,27
152,41,51
462,138,7
462,138,35
462,138,37
11,303,143
11,303,155
500,138,7
500,138,37
500,138,259
500,138,289
170,9,7
170,9,19
170,9,37
170,9,49
392,3,11
392,3,13
392,3,41
392,3,43
392,3,131
392,3,133
392,3,136
392,3,161
392,3,163
392,3,260
392,3,265
392,3,385
489,179,9
38,0,0
38,0,9
38,0,129
191,482,162
35,457,163
74,33,25
74,33,73
74,33,137
74,33,145
74,33,169
74,33,193
451,161,80
97,128,3
97,128,33
291,399,139
97,241,169
97,241,233
50,137,35
50,137,98
50,137,290
59,189,11
59,189,41
153,33,80
82,137,35
45,19,265
83,160,65
385,195,417
233,243,41
233,243,161
235,429,3
49,161,115
334,130,259
334,130,265
334,130,289
334,130,385
263,130,257
266,162,457
171,355,129
387,128,33
30,42,157
161,201,39
161,201,51
161,201,99
161,201,291
366,130,9
366,130,129
366,130,257
366,130,265
366,130,385
380,42,13
380,42,25
380,42,133
380,42,145
291,393,131
356,3,13
356,3,133
356,3,137
161,43,31
502,138,5
502,138,257
507,426,130
507,426,134
344,35,137
179,296,138
378,136,3
378,136,33
378,136,34
217,14,15
270,0,0
18,41,155
18,41,157
18,41,185
132,33,91
132,33,121
132,33,211
132,33,241
447,428,138
418,137,35
14,5,11
189,33,64
355,265,131
51,0,0
250,160,65
112,129,67
112,129,97
112,129,259
112,129,289
168,115,169
448,131,267
448,131,297
448,131,387
448,131,417
187,302,138
73,139,295
150,1,9
150,1,129
126,128,35
508,0,0
186,44,11
186,44,27
291,129,320
234,33,9
234,33,129
488,34,136
488,34,137
234,176,41
234,176,105
187,234,416
299,146,168
417,67,133
43,137,34
43,137,38
43,137,50
43,137,98
43,137,290
265,151,43
265,151,299
483,394,134
252,1,0
90,164,75
426,162,73
426,162,193
63,43,129
360,162,457
80,33,91
80,33,121
80,33,139
80,33,155
80,33,169
80,33,185
80,33,203
80,33,211
80,33,233
80,33,241
56,57,57
131,425,211
193,96,161
427,154,44
113,137,34
113,137,35
113,137,38
113,137,50
113,137,98
113,137,290
227,385,130
243,425,3
165,91,41
342,10,13
342,10,133
431,248,168
397,56,57
508,162,65
508,162,257
212,9,7
212,9,35
212,9,37
141,51,41
344,129,35
344,129,259
344,129,289
202,35,137
147,8,33
64,0,0
64,0,3
64,0,9
64,0,33
64,0,129
211,0,0
46,3,137
46,3,265
46,3,385
430,162,73
430,162,193
73,167,331
73,167,395
121,179,265
137,34,9
137,34,129
137,34,136
137,34,137
73,48,41
55,224,225
466,33,9
466,33,129
45,91,161
470,130,257
49,233,227
49,233,241
298,42,157
419,459,131
419,459,161
58,9,3
58,9,7
58,9,19
58,9,20
58,9,33
58,9,34
58,9,37
58,9,49
58,9,131
58,9,161
265,179,233
265,179,361
484,1,0
161,98,137
57,49,73
67,136,35
450,0,0
143,39,9
146,265,135
146,265,163
9,7,271
123,161,64
271,131,320
284,3,9
284,3,11
284,3,13
284,3,41
284,3,129
284,3,131
284,3,133
284,3,136
284,3,161
284,3,260
284,3,265
284,3,385
184,138,295
203,166,266
421,227,193
28,11,15
28,11,45
28,11,135
28,11,165
45,10,5
421,203,33
421,203,35
421,203,37
421,203,161
421,203,289
142,7,11
167,395,259
47,142,266
19,425,211
19,425,227
395,39,9
151,265,130
330,1,9
330,1,129
293,155,41
251,170,5
251,170,257
278,3,137
278,3,265
278,3,385
83,425,131
362,144,41
35,155,301
395,3,4
395,3,256
395,3,260
419,137,34
234,136,35
25,179,361
91,47,13
176,0,0
176,0,3
176,0,9
176,0,33
176,0,129
331,163,129
33,91,173
241,169,3
167,129,320
9,35,157
9,35,457
291,136,3
291,136,33
430,130,257
355,14,15
243,232,168
243,232,176
243,232,224
86,162,457
4,0,0
4,0,3
4,0,9
4,0,33
4,0,129
170,296,147
203,416,162
488,129,3
488,129,33
169,80,33
88,32,9
88,32,129
477,35,0
255,242,33
484,136,35
427,166,74
3,260,139
211,489,161
177,9,7
177,9,20
177,9,34
130,129,107
130,129,299
130,129,331
130,129,361
130,129,481
116,42,157
153,32,3
153,32,33
45,18,9
106,0,0
257,2,137
48,137,107
48,137,115
48,137,227
48,137,295
48,137,299
48,137,355
48,137,419
162,385,195
162,385,387
161,200,35
137,295,139
185,51,9
43,61,25
171,0,0
446,138,3
446,138,33
446,138,257
446,138,259
446,138,289
271,37,137
39,9,20
5,137,107
5,137,115
5,137,227
5,137,355
510,160,64
42,17,41
42,17,169
137,227,481
156,9,35
494,34,136
270,1,3
270,1,33
448,161,75
448,161,105
448,161,195
448,161,225
145,169,115
169,35,136
169,35,140
169,35,152
169,35,200
169,35,392
27,141,35
27,141,291
17,0,0
17,0,3
17,0,9
17,0,33
17,0,129
289,136,35
130,289,155
130,289,203
130,289,211
168,3,13
168,3,133
168,3,265
168,3,385
97,163,457
300,3,9
300,3,11
300,3,13
300,3,129
300,3,131
300,3,133
300,3,136
300,3,137
300,3,161
300,3,260
300,3,265
300,3,385
387,291,137
387,291,153
507,122,33
289,163,457
248,160,67
248,160,97
174,136,35
2,9,31
2,9,47
2,9,59
2,9,61
2,9,63
2,9,151
2,9,167
2,9,179
2,9,181
2,9,183
372,1,0
372,1,9
372,1,129
425,227,193
7,425,211
338,0,0
486,136,3
486,136,33
486,136,34
183,232,224
149,40,17
96,161,203
96,161,233
96,161,457
399,418,194
135,299,145
135,299,153
232,176,105
417,66,129
147,297,19
147,297,131
147,297,145
147,297,147
391,131,320
495,426,130
495,426,146
252,2,137
242,40,25
242,40,145
218,1,0
134,259,139
134,259,387
104,168,115
184,0,0
419,202,164
324,131,267
324,131,297
324,131,387
324,131,417
390,138,295
395,293,137
165,201,35
165,201,99
113,136,3
113,136,33
155,298,134
431,10,4
61,25,40
75,165,11
75,165,67
75,165,73
75,165,75
478,162,65
478,162,257
193,419,395
193,419,451
326,129,3
326,129,11
326,129,33
326,129,34
326,129,41
326,129,67
326,129,97
326,129,131
326,129,161
326,129,259
326,129,289
326,129,320
129,33,91
129,33,121
444,42,17
444,42,25
444,42,145
46,0,0
164,75,165
244,40,19
244,40,25
244,40,49
244,40,145
490,168,19
490,168,49
25,37,75
290,131,393
55,385,131
11,39,141
11,39,153
11,39,201
11,39,393
489,3,4
414,32,137
162,457,163
92,138,295
500,10,5
24,9,47
24,9,167
135,271,11
300,0,0
57,48,9
185,107,133
9,181,107
427,226,224
67,139,301
67,139,421
450,1,9
450,1,129
166,265,131
147,35,140
147,35,392
171,217,33
191,234,224
191,234,416
342,130,265
342,130,385
15,137,98
15,137,290
398,3,4
398,3,9
398,3,129
398,3,256
264,35,155
264,35,157
264,35,185
264,35,203
264,35,217
264,35,233
264,35,457
423,458,162
47,137,34
296,162,457
364,146,41
364,146,297
41,177,105
192,35,143
192,35,157
192,35,173
192,35,395
192,35,397
192,35,425
192,35,457
175,154,296
13,11,39
13,11,135
13,11,163
13,11,165
13,11,167
107,176,168
382,136,3
382,136,33
382,136,34
3,13,31
491,174,14
491,174,26
278,0,0
255,174,10
255,174,266
226,416,195
59,0,0
126,40,9
126,40,17
126,40,25
126,40,129
126,40,145
417,99,137
417,99,153
58,42,157
44,9,7
44,9,19
44,9,35
44,9,37
44,9,49
44,9,163
10,137,115
10,137,295
418,129,3
418,129,11
418,129,33
418,129,34
418,129,41
418,129,67
418,129,97
418,129,259
418,129,289
418,129,320
158,1,0
361,155,37
214,296,131
214,296,147
219,386,385
395,131,320
191,40,16
391,0,0
208,32,9
208,32,129
33,203,421
33,203,423
19,8,3
19,8,33
414,42,17
414,42,25
414,42,145
9,34,137
184,56,57
425,178,104
160,33,91
160,33,121
160,33,155
160,33,203
160,33,211
483,296,19
133,419,451
94,136,35
226,0,0
427,158,42
88,33,11
88,33,25
88,33,41
88,33,43
88,33,73
88,33,80
88,33,131
88,33,136
88,33,137
88,33,139
88,33,145
88,33,161
88,33,163
88,33,169
88,33,193
424,35,137
249,82,137
249,82,168
13,47,31
13,47,155
37,185,121
483,163,9
140,11,39
235,129,256
177,8,3
201,51,41
55,43,137
59,44,138
153,39,11
496,224,161
496,224,225
233,241,33
233,241,97
106,1,9
106,1,129
352,129,11
352,129,34
352,129,35
352,129,41
352,129,43
352,129,67
352,129,97
352,129,131
352,129,139
352,129,161
352,129,163
352,129,169
352,129,259
352,129,289
352,129,320
72,0,0
72,0,3
72,0,9
72,0,33
72,0,129
268,138,295
128,129,363
128,129,483
419,386,138
211,169,33
498,8,35
171,3,260
195,393,35
195,393,39
124,33,9
124,33,129
161,41,27
39,8,9
39,8,129
15,35,152
15,35,200
227,137,34
166,9,3
166,9,7
166,9,11
166,9,19
166,9,20
166,9,33
166,9,34
166,9,37
166,9,41
166,9,49
132,35,155
132,35,157
132,35,185
132,35,203
132,35,217
132,35,233
132,35,457
14,11,45
14,11,135
14,11,165
492,1,0
331,133,10
99,161,200
99,161,201
37,123,185
27,61,41
320,33,155
320,33,185
492,130,3
492,130,33
492,130,257
492,130,259
492,130,289
131,11,45
257,3,143
257,3,173
84,41,27
84,41,57
84,41,147
84,41,177
300,138,295
107,9,20
324,0,0
324,0,3
324,0,9
324,0,33
324,0,129
217,74,165
139,35,136
139,35,140
139,35,152
139,35,200
139,35,392
153,3,137
153,3,260
338,1,9
338,1,129
301,139,3
267,7,13
262,137,35
11,139,421
286,3,9
286,3,129
336,0,0
336,0,3
336,0,9
336,0,33
336,0,129
181,9,3
181,9,4
181,9,16
181,9,20
181,9,34
20,137,355
80,35,397
190,168,67
190,168,97
86,9,3
86,9,7
86,9,11
86,9,19
86,9,20
86,9,33
86,9,34
86,9,37
86,9,41
86,9,49
86,9,131
86,9,161
15,7,265
184,1,3
184,1,33
385,451,163
385,451,419
218,288,131
202,138,295
166,0,0
286,10,7
286,10,13
286,10,37
286,10,133
28,33,25
28,33,73
28,33,145
28,33,193
42,133,75
42,133,267
193,128,35
217,266,135
390,3,9
390,3,11
390,3,13
390,3,41
390,3,129
390,3,133
390,3,136
390,3,137
390,3,161
390,3,260
390,3,265
390,3,385
151,11,260
3,161,233
424,138,295
46,1,9
46,1,129
268,11,39
235,184,56
73,165,75
292,129,67
292,129,97
292,129,259
292,129,289
150,35,137
12,0,0
12,0,3
12,0,9
12,0,33
12,0,129
173,19,40
324,129,35
324,129,43
324,129,67
324,129,97
324,129,163
324,129,259
324,129,289
178,73,161
25,36,11
267,35,152
267,35,200
115,173,11
11,38,137
316,34,137
48,33,203
48,33,233
158,42,13
158,42,25
158,42,133
158,42,145
11,260,131
105,161,131
105,161,195
185,106,164
114,0,0
143,33,80
170,129,67
170,129,97
170,129,259
170,129,289
242,32,137
137,169,115
146,41,27
146,41,57
146,41,177
350,168,19
350,168,49
350,168,67
350,168,97
393,34,9
393,34,129
179,0,0
399,298,146
99,249,169
468,34,136
468,34,137
13,10,7
13,10,37
444,138,35
444,138,259
444,138,289
278,1,9
278,1,129
163,451,385
301,49,137
35,157,43
129,320,163
83,137,34
83,137,35
83,137,38
83,137,50
83,137,98
83,137,290
49,41,27
49,41,139
49,41,147
49,41,153
49,41,155
106,42,157
25,0,0
25,0,3
25,0,33
263,10,5
170,74,165
115,137,34
91,33,16
91,33,64
91,33,80
91,33,129
91,33,136
295,155,41
380,1,0
190,34,136
507,398,138
289,137,38
289,137,50
248,1,0
208,33,11
208,33,25
208,33,41
208,33,43
208,33,73
208,33,80
208,33,131
208,33,136
208,33,137
208,33,139
208,33,145
208,33,161
208,33,163
208,33,169
208,33,193
284,35,137
9,33,211
9,33,241
382,34,136
59,56,168
481,131,260
184,168,115
395,7,10
355,129,64
355,129,256
194,257,131
51,41,152
51,41,153
112,9,7
112,9,19
112,9,37
112,9,49
203,418,386
226,1,9
226,1,129
142,259,131
330,35,137
192,0,0
192,0,3
192,0,9
192,0,33
192,0,129
174,3,9
174,3,129
175,302,138
290,137,35
290,137,38
290,137,50
35,185,121
173,91,33
173,91,37
395,33,80
257,0,0
257,0,3
257,0,9
257,0,33
257,0,129
135,35,152
135,35,200
201,483,163
186,9,3
186,9,33
334,129,3
334,129,33
450,386,387
417,203,37
417,203,39
54,0,0
185,49,40
134,138,295
446,136,34
194,161,75
194,161,105
194,161,225
157,43,20
124,34,137
289,211,169
289,211,425
39,11,140
39,11,141
491,482,129
251,488,162
66,137,47
66,137,55
66,137,59
66,137,115
66,137,167
66,137,179
66,137,295
217,19,41
270,7,11
165,8,3
169,33,80
98,137,35
98,137,38
98,137,50
170,266,135
355,266,135
297,128,3
179,233,97
37,203,419
37,203,421
424,0,0
84,42,157
151,0,0
97,161,75
97,161,139
97,161,195
97,161,201
97,161,203
187,1,0
41,139,391
495,488,129
267,6,9
267,151,41
135,331,161
430,10,5
147,299,133
147,299,141
67,0,0
67,0,9
67,0,129
506,162,9
506,162,129
506,162,257
506,162,265
506,162,385
329,128,3
329,128,33
468,160,67
468,160,97
134,257,131
137,35,140
137,35,152
137,35,200
137,35,392
15,6,9
167,331,129
167,331,133
427,422,138
179,265,130
18,8,35
65,35,143
65,35,157
65,35,173
65,35,397
145,139,295
491,422,138
75,167,265
75,167,393
130,259,143
130,259,391
130,259,395
242,136,34
242,136,35
64,3,399
64,3,429
375,137,0
193,417,195
214,9,3
214,9,33
59,137,34
170,134,267
106,164,75
301,0,0
244,42,13
244,42,133
211,419,385
385,2,9
385,2,129
25,43,151
25,43,181
395,129,34
210,168,115
397,139,35
490,1,0
194,162,457
7,173,91
243,129,256
135,265,19
105,160,65
504,162,257
504,162,265
504,162,385
299,0,0
114,1,9
114,1,129
167,9,4
167,9,16
167,9,20
498,160,9
498,160,65
498,160,73
498,160,129
498,160,193
29,40,17
360,129,3
360,129,11
360,129,33
360,129,34
360,129,35
360,129,67
360,129,97
360,129,131
360,129,161
360,129,259
360,129,289
360,129,320
289,155,47
289,155,301
294,0,0
80,0,0
80,0,3
80,0,9
80,0,33
80,0,129
9,4,11
86,42,157
291,219,169
38,137,35
38,137,98
38,137,290
170,17,41
284,9,19
284,9,35
284,9,49
170,416,195
363,163,129
297,35,152
297,35,200
155,289,130
169,121,49
61,59,9
61,59,13
61,59,25
61,59,41
61,59,137
145,0,0
145,0,3
145,0,33
421,131,320
37,131,295
296,3,13
296,3,133
296,3,137
296,3,139
296,3,265
296,3,385
491,160,64
233,178,296
97,233,179
97,233,241
217,67,161
130,9,31
130,9,47
130,9,59
130,9,61
130,9,181
59,149,35
500,1,0
55,193,161
82,161,75
82,161,105
82,161,195
82,161,225
83,136,3
83,136,33
49,40,25
49,40,145
135,10,5
162,265,135
162,265,147
49,185,107
49,185,121
129,97,241
153,363,163
7,0,0
7,0,9
7,0,129
266,138,295
44,11,15
44,11,135
44,11,165
484,194,161
484,194,417
63,142,266
232,138,295
468,40,19
468,40,49
427,394,134
5,35,203
5,35,217
5,35,233
5,35,457
294,3,137
165,9,19
165,9,20
165,9,34
160,35,157
160,35,457
355,128,0
4,3,143
4,3,173
4,3,271
4,3,301
4,3,391
4,3,395
4,3,399
4,3,421
4,3,425
4,3,429
246,42,13
246,42,133
246,42,137
250,136,34
181,11,260
393,0,0
256,9,63
256,9,183
41,147,297
457,419,131
488,162,73
488,162,193
488,162,265
488,162,385
288,137,47
288,137,55
288,137,59
288,137,115
288,137,167
288,137,179
288,137,295
235,242,168
431,130,256
3,265,151
372,40,25
372,40,145
129,419,451
129,419,459
168,97,177
168,97,225
10,9,61
10,9,151
10,9,167
10,9,179
10,9,181
334,134,11
334,134,267
20,0,0
20,0,3
20,0,9
20,0,33
20,0,129
15,271,131
91,189,41
332,129,35
332,129,67
332,129,97
363,14,7
157,42,42
157,42,162
218,40,19
218,40,49
56,33,25
56,33,73
56,33,137
56,33,139
56,33,145
56,33,193
133,227,481
32,137,115
32,137,295
14,9,7
14,9,19
14,9,35
14,9,37
14,9,49
14,9,163
260,137,115
418,385,131
144,9,47
144,9,167
320,35,157
170,194,417
141,11,38
141,11,39
179,232,224
397,97,161
329,3,260
424,1,3
424,1,33
40,49,121
40,49,185
40,49,233
97,160,73
97,160,193
139,391,259
140,0,0
140,0,3
140,0,33
254,40,16
254,40,17
55,9,4
55,9,16
160,137,115
160,137,295
481,227,129
481,227,137
481,227,161
481,227,193
481,227,385
116,9,3
116,9,7
116,9,11
116,9,19
116,9,20
116,9,33
116,9,34
116,9,37
116,9,41
116,9,49
116,9,131
116,9,161
301,137,34
129,169,115
186,42,13
186,42,133
153,291,131
172,9,19
172,9,35
172,9,49
11,141,39
11,141,51
11,141,99
11,141,291
286,1,0
338,137,35
219,46,14
161,233,241
366,162,73
366,162,137
366,162,193
476,34,9
476,34,129
476,34,136
458,34,136
458,34,137
57,25,37
33,0,0
33,0,3
33,0,9
33,0,33
33,0,129
161,459,167
161,459,419
146,289,139
146,289,195
451,385,130
33,241,233
137,179,361
298,134,267
28,35,137
378,168,17
378,168,19
378,168,49
18,9,31
18,9,43
18,9,47
18,9,59
18,9,61
18,9,151
18,9,163
18,9,167
18,9,179
18,9,181
492,162,65
492,162,73
492,162,193
354,0,0
502,136,3
502,136,33
502,136,34
216,33,9
216,33,11
216,33,16
216,33,41
216,33,64
216,33,80
216,33,129
216,33,131
216,33,136
216,33,161
477,140,11
477,392,131
112,161,75
112,161,105
112,161,195
112,161,225
130,256,131
234,162,265
234,162,385
329,160,65
3,163,457
139,3,260
235,186,44
292,131,267
292,131,297
292,131,387
292,131,417
150,33,73
150,33,193
12,2,137
419,0,0
183,43,9
234,1,0
200,0,0
200,0,3
200,0,33
55,386,387
348,136,35
404,138,295
11,169,241
158,40,19
158,40,49
149,299,131
135,264,3
447,10,0
447,10,4
225,233,49
225,233,51
208,168,115
299,3,136
179,9,4
179,9,16
179,9,20
181,107,129
181,107,133
181,107,137
181,107,145
181,107,161
185,104,162
426,130,259
426,130,265
426,130,289
426,130,385
143,35,136
9,11,167
161,320,131
459,167,9
350,34,9
350,34,129
350,34,136
350,34,137
331,129,33
331,129,34
331,129,64
331,129,256
331,129,320
398,6,11
131,393,39
131,393,51
131,393,99
131,393,291
260,35,217
303,143,3
250,2,137
426,386,131
426,386,387
297,179,73
297,179,201
361,145,40
94,34,137
259,11,295
151,41,80
506,0,0
13,8,35
107,181,9
107,181,73
151,9,4
151,9,16
151,9,20
151,9,33
151,9,34
256,3,143
256,3,173
256,3,271
256,3,301
256,3,391
256,3,395
256,3,399
256,3,421
256,3,425
256,3,429
293,130,257
145,289,195
255,218,168
40,9,31
40,9,151
40,9,167
40,9,179
40,9,181
83,429,139
235,166,266
203,291,129
257,137,55
257,137,59
257,137,115
257,137,179
466,1,0
417,451,131
114,129,320
115,425,131
10,7,143
10,7,271
10,7,395
399,139,33
191,186,104
191,186,296
143,7,10
303,136,34
19,13,15
344,33,9
344,33,11
344,33,25
344,33,41
344,33,73
344,33,80
344,33,129
344,33,131
344,33,136
344,33,145
344,33,161
344,33,193
33,185,121
33,185,123
393,2,3
393,2,33
318,138,257
318,138,259
318,138,289
156,33,80
143,293,137
331,13,35
75,0,0
350,138,7
350,138,37
350,138,259
350,138,289
131,131,297
47,31,9
47,31,13
175,202,416
431,188,9
363,154,44
330,33,25
330,33,145
107,145,40
17,169,115
97,155,301
60,9,3
60,9,7
60,9,11
60,9,19
60,9,20
60,9,33
60,9,34
60,9,35
60,9,37
60,9,49
60,9,131
60,9,161
174,1,0
163,481,193
2,33,219
2,33,249
301,19,40
391,3,4
391,3,9
391,3,136
391,3,256
391,3,260
59,33,136
120,49,41
395,35,136
55,133,11
393,51,41
138,259,135
138,259,387
139,38,9
72,3,271
72,3,301
72,3,391
72,3,421
431,158,42
180,74,165
176,33,25
176,33,73
176,33,137
176,33,139
176,33,145
176,33,193
450,416,195
286,42,25
286,42,145
417,201,35
417,201,51
137,299,151
450,162,457
104,33,25
104,33,73
104,33,137
104,33,139
104,33,145
104,33,193
495,362,162
19,41,57
19,41,153
19,41,169
19,41,177
19,41,185
3,391,395
160,64,161
504,34,9
504,34,129
504,34,136
45,0,0
122,1,0
506,160,64
506,160,65
368,129,3
368,129,11
368,129,33
368,129,34
368,129,41
368,129,67
368,129,97
368,129,131
368,129,161
368,129,259
368,129,289
368,129,320
88,0,0
88,0,3
88,0,33
395,259,130
474,34,9
474,34,129
474,34,136
121,41,20
120,137,35
428,66,161
129,0,0
129,0,3
129,0,9
129,0,33
129,0,129
438,10,5
438,10,9
438,10,13
438,10,129
438,10,133
177,41,11
177,41,27
55,8,0
153,0,0
132,11,47
132,11,167
132,11,295
31,35,136
138,295,139
233,99,129
495,234,160
495,234,176
11,140,35
495,62,42
219,33,0
219,33,16
219,33,64
183,394,386
6,129,331
6,129,361
6,129,451
6,129,481
147,301,11
43,140,3
454,138,7
454,138,37
57,24,33
185,83,137
336,33,25
336,33,73
336,33,137
336,33,139
336,33,145
336,33,169
336,33,193
446,170,65
446,170,74
446,170,104
446,170,194
446,170,224
57,137,98
57,137,290
170,168,115
191,242,33
15,0,0
99,201,161
123,9,4
355,74,165
132,2,137
65,33,155
65,33,185
179,41,80
240,9,7
240,9,37
169,3,260
355,296,147
178,162,457
130,257,139
130,257,163
278,137,35
302,3,9
302,3,129
420,74,165
481,35,136
387,259,133
255,182,42
130,35,157
130,35,457
12,3,139
12,3,143
12,3,169
12,3,173
12,3,271
12,3,301
12,3,391
12,3,395
12,3,421
12,3,425
106,162,457
73,59,61
36,137,107
36,137,115
36,137,227
36,137,295
36,137,299
36,137,355
36,137,419
419,3,136
385,0,0
385,0,3
385,0,33
25,41,51
25,41,147
25,41,163
25,41,177
25,41,179
363,129,0
363,129,64
363,129,256
361,163,129
63,148,35
63,148,42
135,267,7
135,267,131
135,267,133
135,267,135
137,355,163
252,34,9
252,34,129
252,34,136
167,11,260
265,7,15
67,143,271
498,136,3
498,136,33
498,136,34
406,1,0
459,166,42
459,166,74
459,166,266
133,169,115
62,1,0
355,25,41
131,392,35
28,0,0
28,0,3
28,0,9
28,0,33
28,0,129
426,134,11
426,134,267
133,331,163
133,331,167
227,416,138
47,149,35
340,129,67
340,129,97
340,129,259
340,129,289
296,0,0
296,0,3
296,0,9
296,0,33
296,0,129
13,7,267
145,288,131
147,32,9
26,37,75
26,37,139
255,170,1
255,170,257
338,162,457
195,33,25
195,33,80
195,33,136
480,3,13
480,3,133
159,33,64
187,184,104
346,33,9
346,33,129
7,2,137
105,241,161
10,4,11
363,183,9
0,129,363
0,129,483
423,129,64
265,35,152
265,35,200
29,10,5
124,136,35
19,12,11
167,265,130
294,1,9
294,1,129
22,41,153
431,488,129
170,386,387
193,35,140
193,35,392
99,137,34
99,137,38
99,137,50
246,40,9
246,40,17
246,40,25
246,40,129
246,40,145
41,0,0
41,0,3
41,0,129
169,91,37
154,289,131
192,3,271
192,3,301
192,3,391
192,3,421
175,186,104
13,43,151
13,43,181
331,0,0
107,33,136
422,1,0
391,259,130
372,42,157
489,242,168
489,131,256
35,11,141
425,113,137
129,67,421
165,137,98
165,137,290
96,128,35
387,131,41
387,131,297
30,44,27
161,195,417
361,25,35
63,172,74
67,41,115
295,9,4
295,9,16
295,9,20
243,488,162
208,0,0
208,0,3
208,0,33
104,177,105
293,10,5
214,42,13
214,42,133
15,47,25
15,47,153
131,163,361
19,40,25
19,40,145
404,3,9
404,3,11
404,3,13
404,3,41
404,3,129
404,3,131
404,3,133
404,3,136
404,3,161
404,3,260
404,3,265
404,3,385
191,302,138
425,146,42
160,65,163
160,65,169
425,35,136
51,153,41
14,15,15
217,129,67
217,129,97
491,302,3
260,139,295
189,59,9
227,329,35
424,3,9
424,3,11
424,3,13
424,3,129
424,3,131
424,3,133
424,3,136
424,3,260
424,3,265
424,3,385
299,137,34
424,146,297
174,34,137
203,263,137
258,9,31
258,9,61
258,9,151
258,9,181
507,362,162
177,40,17
235,510,170
352,161,201
135,0,0
72,32,137
186,40,19
186,40,25
186,40,49
186,40,145
11,143,271
470,168,19
470,168,49
470,168,67
470,168,97
259,163,457
252,168,35
252,168,67
252,168,97
430,42,25
430,42,145
114,137,11
114,137,34
114,137,35
114,137,41
114,137,131
114,137,161
161,457,163
133,35,152
133,35,200
15,3,136
15,3,260
15,3,385
422,3,9
422,3,129
170,56,57
235,232,176
169,241,97
132,3,139
132,3,143
132,3,169
132,3,173
132,3,271
132,3,301
132,3,391
132,3,395
132,3,421
132,3,425
308,162,457
65,32,137
37,27,45
391,289,137
188,8,35
387,258,129
139,421,67
235,188,42
73,169,115
83,0,0
257,163,457
187,46,14
447,422,3
361,185,49
248,48,41
163,9,20
25,40,19
25,40,49
334,34,137
267,39,137
267,39,153
182,1,0
129,139,295
291,131,392
291,131,393
422,2,137
161,139,271
219,298,134
57,59,13
57,59,141
271,137,34
184,33,9
184,33,11
184,33,25
184,33,73
184,33,80
184,33,129
184,33,131
184,33,136
184,33,145
184,33,193
49,43,157
244,104,161
244,104,177
131,395,391
45,9,19
45,9,20
45,9,34
142,9,19
142,9,35
142,9,49
376,160,67
376,160,73
376,160,97
376,160,193
41,43,151
420,137,35
328,3,13
328,3,133
328,3,265
328,3,385
13,6,11
168,49,57
168,49,105
3,129,361
3,129,481
254,170,257
254,170,266
254,170,296
254,170,386
254,170,416
129,299,151
129,299,159
55,194,417
183,9,0
183,9,4
183,9,16
244,9,3
244,9,33
96,0,0
96,0,3
96,0,9
96,0,33
96,0,129
149,107,161
300,9,19
300,9,49
449,130,257
414,1,0
425,99,129
502,168,17
502,168,65
158,10,7
158,10,37
300,19,41
91,37,10
171,397,3
10,5,43
10,5,139
105,129,34
105,129,259
105,129,320
183,363,129
161,0,0
161,0,3
161,0,9
289,203,167
289,203,421
259,385,195
29,9,20
29,9,34
29,9,35
195,289,145
90,9,7
90,9,37
502,0,0
9,37,91
318,136,3
318,136,33
318,136,34
66,161,203
66,161,233
66,161,457
146,9,7
146,9,19
146,9,35
146,9,37
146,9,43
146,9,49
419,394,134
193,34,137
350,136,3
350,136,33
350,136,34
350,136,35
99,136,3
99,136,33
488,130,259
488,130,289
47,25,40
464,0,0
316,10,7
316,10,13
316,10,37
316,10,133
430,2,9
430,2,129
121,19,137
175,298,146
348,138,295
226,224,225
362,1,0
49,73,165
138,257,131
138,257,163
419,393,3
183,416,67
420,0,0
20,3,395
20,3,425
427,3,4
33,121,185
187,298,134
137,11,39
19,43,157
481,73,35
19,265,135
375,290,131
145,163,331
145,163,361
259,423,203
51,9,20
164,42,157
112,41,27
112,41,57
112,41,147
112,41,177
297,137,38
297,137,50
226,33,25
226,33,137
226,33,145
436,74,161
436,74,165
362,130,265
362,130,385
36,0,0
36,0,3
36,0,9
36,0,33
36,0,129
477,152,41
35,200,161
2,3,399
2,3,429
201,161,98
201,161,99
486,130,9
486,130,129
486,130,257
486,130,265
486,130,385
259,395,167
259,395,391
352,162,457
233,97,160
72,33,91
72,33,121
72,33,139
72,33,155
72,33,169
72,33,185
72,33,203
72,33,211
72,33,233
72,33,241
425,179,73
138,7,15
138,7,267
30,9,3
30,9,7
30,9,19
30,9,20
30,9,33
30,9,34
30,9,35
30,9,37
30,9,41
30,9,49
30,9,131
30,9,161
507,234,160
507,234,164
162,129,67
162,129,97
162,129,259
162,129,289
346,162,265
346,162,385
289,2,137
43,31,13
9,131,419
194,129,35
194,129,43
194,129,67
194,129,97
194,129,259
194,129,289
289,243,233
308,137,35
271,7,10
133,34,137
15,2,129
241,107,133
338,42,157
298,133,11
483,104,49
8,129,363
8,129,483
397,49,41
454,34,137
388,11,39
495,130,0
495,130,256
246,128,35
166,74,165
40,129,227
40,129,331
40,129,419
40,129,451
40,129,481
270,14,15
188,9,3
188,9,33
225,193,289
40,16,41
268,0,0
268,0,3
268,0,33
16,41,123
16,41,159
16,41,189
16,41,243
201,99,161
130,33,91
130,33,121
130,33,185
130,33,233
130,33,241
59,141,3
289,43,157
187,33,64
49,0,0
49,0,9
49,0,129
25,47,31
25,47,143
7,395,391
7,395,419
391,11,20
183,202,416
115,33,136
7,169,121
7,169,241
361,161,80
34,9,31
34,9,61
34,9,151
34,9,181
394,129,35
394,129,67
394,129,97
483,483,129
138,138,295
232,33,9
232,33,11
232,33,25
232,33,73
232,33,80
232,33,129
232,33,131
232,33,136
232,33,145
232,33,193
500,160,65
161,123,173
161,123,185
426,129,3
426,129,33
293,3,136
293,3,137
293,3,260
170,138,295
346,168,19
346,168,49
251,218,168
27,301,131
355,104,177
191,502,170
142,14,15
250,1,0
145,107,173
145,107,181
249,226,416
216,0,0
364,136,35
94,33,9
94,33,129
496,160,67
496,160,73
496,160,97
496,160,193
431,398,3
225,129,34
225,129,259
225,129,320
326,3,13
326,3,133
326,3,137
12,33,91
12,33,121
12,33,211
12,33,241
1,129,363
1,129,483
187,186,296
25,11,157
406,34,137
147,393,35
147,393,291
454,386,131
454,386,387
151,395,259
11,295,139
105,128,3
39,141,11
427,183,9
114,33,137
423,131,256
29,8,3
29,8,33
195,288,129
496,162,265
496,162,385
143,0,0
342,160,73
342,160,193
56,9,7
56,9,19
56,9,35
56,9,37
56,9,49
56,9,163
133,139,295
227,224,168
397,224,225
113,249,169
260,2,137
495,170,1
495,170,17
297,3,133
297,3,136
297,3,260
64,161,123
64,161,243
64,161,459
64,161,489
448,0,0
448,0,3
448,0,9
448,0,33
448,0,129
13,41,157
363,44,19
37,163,457
342,40,25
342,40,145
329,34,9
329,34,129
55,176,105
457,129,34
55,33,25
55,33,145
153,41,50
153,41,51
82,129,67
82,129,97
82,129,259
82,129,289
45,11,131
45,11,135
49,72,161
11,20,41
219,169,33
334,138,7
334,138,37
235,183,9
91,0,0
366,138,5
366,138,7
366,138,37
67,43,157
380,34,9
380,34,129
380,34,136
380,34,137
63,63,9
480,33,25
480,33,145
33,233,241
33,233,243
180,104,177
5,3,395
5,3,425
190,1,0
227,233,49
65,169,115
160,67,173
160,67,421
160,67,425
489,178,42
489,178,104
489,178,296
18,33,203
18,33,233
19,264,131
14,13,27
14,13,43
75,33,80
75,33,136
75,33,145
175,122,168
51,8,9
51,8,129
293,203,161
250,168,3
250,168,19
250,168,33
250,168,35
250,168,49
250,168,67
250,168,97
418,3,13
418,3,133
418,3,137
41,243,233
41,243,425
477,0,9
477,0,129
154,37,11
352,128,3
352,128,33
73,179,361
73,179,425
35,203,421
2,0,0
2,0,3
2,0,9
2,0,33
2,0,129
35,41,153
348,160,67
348,160,97
135,2,9
262,131,267
262,131,297
262,131,387
262,131,417
30,14,15
43,129,320
265,159,47
104,0,0
104,0,3
104,0,9
104,0,33
104,0,129
9,19,301
137,38,11
160,129,107
160,129,299
160,129,331
160,129,361
160,129,451
15,13,19
481,163,9
251,174,14
251,174,266
113,129,320
227,393,3
210,296,147
165,67,385
169,0,0
169,0,3
122,32,137
390,0,0
37,25,57
320,3,143
320,3,173
397,129,259
397,129,289
188,10,7
188,10,37
40,17,43
40,17,169
232,97,161
97,192,161
154,168,115
466,168,19
466,168,49
233,179,265
31,0,0
470,136,3
470,136,33
470,136,34
470,136,35
387,395,7
387,395,39
11,173,91
219,14,13
162,162,457
0,9,63
0,9,183
185,3,260
423,9,16
57,57,25
57,57,41
57,57,49
57,57,57
29,35,136
29,35,137
29,35,140
29,35,152
29,35,200
29,35,392
342,42,157
143,47,25
146,257,131
294,137,11
294,137,34
294,137,35
294,137,41
294,137,131
294,137,161
123,185,33
33,145,361
271,139,33
184,35,137
242,33,9
242,33,129
170,26,45
355,26,45
28,3,13
28,3,133
28,3,265
28,3,385
169,211,289
393,33,80
393,33,137
486,1,0
447,242,33
41,41,147
13,179,361
74,133,43
74,133,267
3,131,425
163,457,35
163,457,162
163,457,163
202,289,131
225,128,3
106,133,11
35,131,393
59,25,40
173,113,137
159,34,136
133,10,7
133,10,37
263,0,0
200,32,9
200,32,129
210,137,35
361,243,161
385,259,135
44,0,0
44,0,3
44,0,9
44,0,33
44,0,129
67,417,195
158,8,35
391,139,33
10,3,173
10,3,301
10,3,391
10,3,421
10,3,425
417,3,13
417,3,136
417,3,260
387,0,0
494,130,256
494,130,257
195,291,137
195,291,141
468,10,7
468,10,37
143,3,4
143,3,256
143,3,260
241,161,320
451,395,7
9,43,151
9,43,181
322,162,457
291,128,9
291,128,129
131,489,179
131,489,227
260,3,139
260,3,143
260,3,169
260,3,173
260,3,271
260,3,301
260,3,391
260,3,395
260,3,421
260,3,425
193,32,9
193,32,129
297,2,129
506,136,34
202,129,35
202,129,259
202,129,289
388,2,9
388,2,129
297,147,41
297,147,265
297,147,289
297,147,297
141,99,161
491,242,168
151,303,11
16,129,363
16,129,483
291,9,20
291,9,35
462,34,9
462,34,129
462,34,136
45,155,289
45,155,291
48,129,331
48,129,361
48,129,451
48,129,481
129,64,161
210,289,131
419,395,7
276,0,0
276,0,3
276,0,9
276,0,33
276,0,129
172,67,161
195,481,161
57,0,0
185,59,13
124,56,41
124,56,57
170,176,105
171,137,34
19,45,27
5,2,137
42,25,45
42,25,57
481,233,49
156,1,3
156,1,33
270,9,19
270,9,49
316,136,35
355,163,137
217,134,267
75,32,129
259,425,211
495,122,33
320,137,55
175,234,224
17,137,295
17,137,299
17,137,355
17,137,419
293,136,3
293,136,33
255,158,9
248,168,35
510,40,16
224,0,0
224,0,3
224,0,9
224,0,33
224,0,129
31,47,9
31,47,11
31,47,13
31,47,25
31,47,137
195,0,0
419,329,35
183,224,97
385,169,115
267,141,35
267,141,51
72,35,143
72,35,157
72,35,173
72,35,395
72,35,397
72,35,425
72,35,457
288,131,395
288,131,425
288,131,457
299,141,3
135,291,137
135,291,201
138,5,11
138,5,43
346,160,67
346,160,73
346,160,97
346,160,193
20,33,203
20,33,233
289,0,0
289,0,9
289,0,129
179,201,33
157,9,34
484,34,137
86,0,0
15,12,3
80,169,115
194,417,195
427,136,34
507,170,1
507,170,5
416,138,295
425,243,41
425,243,161
491,382,170
165,66,129
122,33,9
122,33,129
37,24,41
478,170,3
478,170,33
478,170,35
478,170,42
478,170,162
175,142,266
13,31,43
13,31,47
344,138,295
37,233,241
35,392,131
491,186,44
491,186,56
268,2,9
268,2,129
356,129,3
356,129,11
356,129,33
356,129,34
356,129,41
356,129,67
356,129,97
356,129,131
356,129,161
356,129,259
356,129,289
356,129,320
211,425,3
211,425,19
211,425,35
211,425,67
211,425,131
177,73,37
456,0,0
25,45,27
456,129,35
462,162,65
462,162,73
462,162,193
35,233,241
148,3,13
148,3,133
148,3,265
148,3,385
395,167,73
134,42,157
190,8,3
190,8,33
342,162,457
232,35,137
90,129,259
90,129,289
184,104,177
29,34,9
29,34,129
143,46,26
123,184,56
123,184,104
123,184,168
180,33,73
180,33,193
160,0,0
160,0,3
160,0,9
160,0,33
160,0,129
123,41,16
99,0,0
166,42,157
145,105,177
449,3,260
364,138,7
364,138,37
41,185,121
397,164,75
361,0,0
50,8,3
50,8,33
26,33,25
26,33,73
26,33,137
26,33,145
26,33,169
26,33,193
150,296,147
331,35,136
130,3,173
130,3,271
130,3,301
130,3,421
130,3,425
83,33,80
83,33,136
83,33,137
12,35,155
12,35,157
12,35,185
12,35,203
12,35,217
12,35,233
12,35,457
489,34,136
187,188,42
263,3,136
263,3,137
263,3,260
200,33,11
200,33,25
200,33,41
200,33,43
200,33,73
200,33,80
200,33,131
200,33,136
200,33,145
200,33,161
200,33,163
200,33,193
390,386,387
385,258,131
7,143,271
7,143,299
158,9,3
158,9,33
361,131,260
10,0,0
10,0,3
10,0,9
10,0,33
10,0,129
298,146,297
417,2,9
147,361,161
464,35,137
289,185,121
429,3,0
429,3,4
429,3,256
203,423,11
203,423,131
251,248,33
51,129,35
51,129,320
217,169,35
4,9,31
4,9,47
4,9,59
4,9,61
4,9,63
4,9,151
4,9,167
4,9,179
4,9,181
4,9,183
99,141,11
112,0,0
112,0,3
112,0,9
112,0,33
112,0,129
27,41,161
27,41,177
47,26,168
88,41,51
142,266,135
316,9,3
316,9,33
430,1,0
174,10,7
174,10,13
174,10,37
174,10,133
396,0,0
144,41,59
144,41,115
144,41,179
491,130,256
26,5,11
183,448,35
183,448,162
3,271,143
7,303,155
177,0,0
301,159,11
159,1,0
265,59,61
508,34,9
508,34,129
508,34,136
116,162,457
316,42,25
316,42,145
334,136,35
172,35,137
162,9,7
162,9,19
162,9,37
162,9,49
366,136,3
366,136,33
366,136,34
360,33,25
360,33,145
185,58,44
360,176,105
39,0,0
495,428,138
124,168,67
124,168,97
385,227,233
385,227,481
165,331,131
155,301,3
155,301,19
66,128,35
397,296,147
378,1,0
75,35,140
75,35,392
98,128,3
98,128,33
344,0,0
388,3,11
388,3,13
388,3,41
388,3,43
388,3,131
388,3,133
388,3,136
388,3,137
388,3,139
388,3,161
388,3,163
388,3,169
388,3,260
388,3,265
388,3,385
491,426,134
491,426,146
60,42,157
154,35,137
73,177,105
36,3,395
36,3,425
97,43,157
466,416,131
466,416,195
457,163,320
340,138,295
372,10,13
372,10,133
49,25,45
301,131,320
35,43,157
386,387,387
386,129,35
386,129,43
386,129,67
386,129,97
386,129,259
386,129,289
129,163,331
129,163,361
262,129,67
262,129,97
262,129,259
262,129,289
11,131,417
318,42,25
318,42,137
318,42,145
295,203,161
161,227,481
299,29,35
288,9,31
288,9,61
288,9,151
288,9,181
240,104,177
57,35,140
57,35,392
271,0,0
104,145,43
104,145,297
86,1,9
86,1,129
33,139,271
33,139,391
15,15,7
15,15,11
15,15,13
15,15,15
184,9,7
184,9,35
184,9,37
224,97,169
224,97,177
284,0,0
52,0,0
52,0,9
52,0,129
160,97,185
160,97,233
160,97,241
166,3,137
166,3,265
166,3,385
425,3,4
425,3,256
425,3,260
51,249,169
41,51,141
41,51,153
41,51,201
41,51,393
251,398,138
368,162,457
226,193,161
35,395,391
40,19,173
40,19,301
40,19,425
3,169,121
3,169,241
46,9,3
46,9,7
46,9,19
46,9,20
46,9,33
46,9,34
46,9,37
46,9,49
46,9,131
46,9,161
268,3,11
268,3,13
268,3,41
268,3,43
268,3,131
268,3,133
268,3,136
268,3,137
268,3,139
268,3,161
268,3,163
268,3,169
268,3,260
268,3,265
268,3,385
362,162,137
292,137,35
492,34,9
492,34,129
492,34,136
121,185,33
121,185,35
121,185,41
121,185,49
121,185,97
187,34,136
173,11,20
177,72,33
300,146,297
203,33,16
203,33,64
203,33,80
172,74,165
423,11,4
29,33,80
161,489,179
161,489,227
170,137,35
318,1,0
62,10,13
62,10,133
146,33,25
146,33,73
146,33,137
146,33,145
146,33,169
146,33,193
165,0,0
303,154,44
303,154,168
303,154,296
65,0,0
65,0,3
65,0,9
65,0,33
65,0,129
421,459,131
169,98,129
251,426,134
251,426,386
216,3,137
255,482,162
293,129,320
13,2,9
13,2,129
330,134,267
399,44,25
188,40,19
188,40,49
50,9,7
50,9,11
50,9,19
50,9,20
50,9,34
50,9,37
50,9,41
50,9,49
50,9,131
50,9,139
50,9,161
50,9,169
3,133,331
130,0,0
130,0,3
130,0,9
130,0,33
130,0,129
154,138,295
83,32,9
83,32,129
399,164,73
316,3,9
316,3,129
25,8,35
263,2,9
263,2,129
348,168,115
426,136,35
58,162,457
256,129,107
256,129,227
256,129,299
256,129,331
256,129,361
256,129,363
256,129,419
256,129,451
256,129,481
256,129,483
388,138,295
232,0,0
380,136,3
380,136,33
380,136,34
380,136,35
181,73,160
219,266,133
242,1,0
394,386,387
9,41,179
355,56,57
449,35,136
449,35,137
449,35,140
449,35,152
449,35,200
449,35,392
143,291,129
290,129,11
290,129,34
290,129,41
290,129,67
290,129,97
290,129,131
290,129,139
290,129,161
290,129,169
290,129,259
290,129,289
290,129,320
392,0,0
392,0,3
392,0,33
235,226,416
458,130,259
458,130,289
297,0,0
250,32,9
250,32,129
297,145,97
27,40,17
431,186,56
431,186,104
331,131,260
227,161,80
168,17,41
168,17,43
35,161,201
348,40,19
348,40,49
187,106,164
462,32,137
83,173,11
235,422,138
45,153,35
45,153,99
308,0,0
417,195,161
417,195,289
417,195,385
417,195,417
128,9,63
128,9,183
10,37,91
10,37,155
10,37,203
157,35,136
470,42,13
470,42,25
470,42,133
470,42,145
271,47,25
241,67,137
5,0,0
5,0,3
5,0,9
5,0,33
5,0,129
416,65,161
113,9,20
66,129,43
66,129,107
66,129,163
66,129,227
66,129,299
66,129,331
66,129,361
66,129,419
66,129,451
66,129,481
98,129,11
98,129,34
98,129,41
98,129,67
98,129,97
98,129,131
98,129,139
98,129,161
98,129,169
98,129,259
98,129,289
98,129,320
61,11,260
506,170,5
506,170,14
506,170,44
506,170,134
506,170,164
344,1,3
344,1,33
397,9,7
397,9,37
489,1,0
326,0,0
284,168,115
97,185,59
97,185,121
175,458,162
107,0,0
291,201,161
406,138,259
406,138,289
55,145,41
457,162,42
457,162,162
49,24,41
177,35,140
177,35,392
438,138,257
438,138,259
438,138,289
176,65,161
49,105,177
31,41,80
92,9,7
92,9,35
92,9,37
495,188,9
138,289,147
138,289,195
267,143,7
267,143,39
452,129,35
452,129,67
452,129,97
172,0,0
105,35,140
105,35,392
162,42,157
299,143,7
138,3,13
138,3,133
138,3,265
138,3,385
30,13,11
20,35,457
356,42,157
33,25,61
271,3,4
271,3,129
271,3,136
271,3,256
271,3,260
170,146,297
9,16,41
51,429,139
459,1,0
298,129,3
298,129,33
298,129,34
298,129,67
298,129,97
298,129,131
298,129,161
298,129,259
298,129,289
298,129,320
18,0,0
18,0,3
18,0,9
18,0,33
18,0,129
19,297,147
131,291,141
131,291,153
131,291,201
131,291,393
41,50,137
259,391,139
259,391,395
176,42,157
175,136,34
217,386,387
326,42,157
235,34,136
46,14,15
470,138,7
470,138,37
470,138,259
470,138,289
329,33,80
59,129,320
195,32,9
419,9,20
468,130,259
468,130,289
120,0,0
233,176,42
31,13,10
256,33,219
256,33,249
438,1,0
385,139,295
504,160,3
504,160,33
504,160,65
504,160,67
504,160,97
404,0,0
63,146,289
185,0,0
191,62,9
9,163,451
9,163,481
289,147,297
133,2,9
133,2,129
423,202,164
423,202,168
423,202,416
180,35,137
284,1,3
284,1,33
498,162,137
498,162,265
498,162,385
430,136,34
500,130,257
47,0,0
175,63,9
491,122,33
241,233,33
241,233,35
241,233,49
241,233,97
241,233,161
37,139,271
37,139,391
97,225,225
46,42,157
429,226,224
177,137,98
177,137,290
16,9,31
16,9,47
16,9,59
16,9,61
16,9,63
16,9,151
16,9,167
16,9,179
16,9,181
16,9,183
59,173,67
22,11,141
510,0,0
352,0,0
352,0,9
352,0,129
45,35,152
45,35,200
49,32,137
177,107,133
177,107,141
159,47,9
162,257,131
162,257,139
59,184,104
292,138,295
334,3,9
334,3,129
200,35,137
200,35,140
200,35,392
486,138,5
486,138,7
486,138,37
414,10,3
414,10,5
414,10,7
414,10,33
414,10,37
44,3,13
44,3,133
44,3,137
44,3,139
44,3,265
44,3,385
7,137,98
7,137,290
266,5,11
361,129,3
361,129,34
361,129,64
361,129,256
361,129,320
298,3,13
298,3,133
298,3,137
148,33,25
148,33,73
148,33,145
148,33,193
394,134,267
417,0,0
91,169,33
39,137,34
39,137,98
39,137,290
232,1,3
232,1,33
33,80,169
251,33,0
362,132,11
33,193,481
5,43,157
322,161,201
270,129,67
270,129,97
449,34,9
449,34,129
14,138,295
4,11,159
4,11,189
4,11,303
4,11,423
235,424,146
297,144,33
84,168,115
94,1,0
41,155,301
251,158,9
226,137,35
60,0,0
49,137,98
49,137,290
2,137,115
2,137,295
225,161,11
225,161,75
451,419,129
451,419,131
451,419,137
451,419,193
451,419,385
419,193,160
120,56,57
376,162,265
376,162,385
96,33,155
96,33,185
147,425,67
147,425,99
276,3,13
276,3,133
276,3,137
276,3,139
276,3,169
276,3,265
276,3,385
195,35,140
195,35,392
387,130,257
20,8,35
185,56,42
464,1,3
464,1,33
340,162,457
167,201,33
446,0,0
293,9,20
251,160,64
56,41,27
56,41,147
56,41,177
227,0,0
155,303,11
155,303,131
217,26,45
41,11,135
32,129,107
32,129,227
32,129,299
32,129,331
32,129,361
32,129,363
32,129,419
32,129,451
32,129,481
32,129,483
195,129,34
195,129,289
195,129,320
75,37,25
478,34,9
478,34,129
478,34,136
451,163,9
448,3,13
448,3,133
448,3,265
448,3,385
61,123,161
64,129,107
64,129,227
64,129,299
64,129,331
64,129,361
64,129,363
64,129,419
64,129,451
64,129,481
64,129,483
141,3,260
292,0,0
292,0,3
292,0,9
292,0,33
292,0,129
154,33,9
154,33,25
154,33,41
154,33,73
154,33,80
154,33,129
154,33,136
154,33,145
154,33,161
154,33,193
258,3,143
258,3,173
97,41,115
244,168,67
244,168,97
140,35,137
140,35,152
140,35,200
73,0,0
73,0,3
73,0,33
454,162,73
454,162,193
234,164,11
234,164,75
386,385,163
386,385,195
387,391,11
129,161,107
172,1,3
172,1,33
286,9,3
286,9,33
299,142,14
138,0,0
138,0,3
138,0,9
138,0,33
138,0,129
105,179,265
105,179,393
161,225,225
0,33,219
0,33,249
6,11,143
6,11,157
6,11,173
265,131,163
265,131,291
265,131,387
265,131,417
265,131,419
450,129,3
450,129,11
450,129,33
450,129,34
450,129,35
450,129,41
450,129,67
450,129,97
450,129,161
450,129,259
450,129,289
450,129,320
90,168,115
57,33,80
57,33,136
57,33,193
332,138,295
393,39,11
328,35,137
474,1,0
33,137,115
33,137,295
507,62,42
15,9,20
15,9,34
15,9,49
356,0,0
65,137,47
65,137,55
65,137,167
65,137,295
131,290,137
132,9,59
132,9,179
264,129,107
264,129,227
393,483,163
240,0,0
155,41,20
13,139,295
397,44,27
296,129,35
296,129,67
296,129,97
296,129,163
296,129,259
296,129,289
477,170,3
477,170,33
477,170,35
477,170,42
477,170,162
141,39,11
302,10,13
302,10,133
35,397,139
163,320,129
235,178,296
457,227,161
126,168,65
126,168,67
126,168,97
120,1,3
120,1,33
173,9,34
456,3,260
129,483,483
318,10,5
318,10,9
318,10,13
318,10,129
318,10,133
295,395,131
25,163,451
25,163,481
404,1,3
404,1,33
11,161,225
243,136,34
394,138,295
186,296,131
186,296,147
431,170,17
431,170,65
57,61,11
167,0,0
426,138,7
426,138,37
29,63,43
507,218,168
217,33,16
217,33,64
428,10,7
428,10,37
45,8,3
286,14,11
286,14,15
227,425,19
302,1,0
165,99,137
165,99,201
47,3,136
251,428,3
217,9,19
217,9,49
454,3,9
454,3,129
94,42,13
94,42,133
224,193,163
224,193,417
13,0,0
13,0,3
13,0,33
107,173,19
385,67,165
259,128,3
259,128,33
188,42,13
188,42,25
188,42,133
188,42,145
120,129,259
120,129,289
35,425,211
74,129,35
74,129,67
74,129,97
74,129,163
74,129,259
74,129,289
59,172,74
106,129,3
106,129,33
106,129,34
106,129,67
106,129,97
106,129,131
106,129,161
106,129,259
106,129,289
106,129,320
257,129,107
257,129,227
3,421,203
42,129,67
42,129,97
42,129,259
42,129,289
159,46,14
159,46,26
159,46,42
186,136,35
82,41,27
82,41,57
82,41,147
82,41,177
449,129,34
449,129,35
449,129,320
115,0,0
7,136,35
67,421,139
67,421,203
421,0,0
452,138,295
161,169,91
185,35,136
39,136,3
39,136,33
380,138,7
380,138,37
380,138,259
380,138,289
259,384,131
132,0,0
132,0,3
132,0,9
132,0,33
132,0,129
29,3,260
9,47,31
9,47,159
137,98,161
180,0,0
406,266,131
406,266,135
421,139,3
458,128,35
320,161,203
320,161,233
75,137,38
75,137,50
131,139,301
297,151,11
154,296,147
481,203,37
107,137,34
168,19,45
168,19,297
60,1,9
60,1,129
174,9,3
174,9,33
74,165,75
41,163,451
484,138,7
484,138,37
26,0,0
26,0,3
26,0,9
26,0,33
26,0,129
451,0,0
202,0,0
338,129,3
338,129,11
338,129,33
338,129,34
338,129,41
338,129,67
338,129,97
338,129,131
338,129,161
338,129,259
338,129,289
338,129,320
301,11,20
267,391,131
35,163,457
3,385,451
372,160,73
372,160,193
498,1,0
129,43,31
129,43,61
120,168,115
11,11,165
382,170,9
382,170,129
382,170,137
382,170,138
382,170,168
390,137,35
420,1,3
420,1,33
67,385,387
91,7,137
265,139,295
20,9,31
20,9,43
20,9,47
20,9,59
20,9,61
20,9,151
20,9,163
20,9,167
20,9,179
20,9,181
149,363,163
43,152,33
10,35,157
10,35,457
417,35,152
417,35,200
289,233,241
218,160,67
218,160,97
416,67,165
416,67,169
56,42,157
42,5,11
42,5,139
131,457,163
193,0,0
193,0,3
193,0,33
75,36,9
368,42,157
61,9,3
61,9,4
61,9,16
61,9,20
61,9,34
175,1,0
506,168,3
506,168,17
506,168,19
506,168,33
506,168,49
75,181,41
141,2,3
141,2,33
225,96,129
430,32,137
178,9,3
178,9,7
178,9,11
178,9,19
178,9,20
178,9,33
178,9,34
178,9,37
178,9,41
178,9,49
329,179,41
121,49,40
258,0,0
258,0,3
258,0,9
258,0,33
258,0,129
406,136,35
139,271,7
257,131,299
257,131,395
257,131,419
257,131,425
55,164,75
303,131,256
500,40,17
177,33,73
177,33,80
177,33,136
438,136,3
438,136,33
438,136,34
187,136,34
31,43,129
187,249,33
267,129,34
267,129,97
267,129,320
303,142,14
303,142,138
303,142,266
480,0,0
105,33,80
105,33,136
105,33,145
183,386,259
299,129,64
299,129,256
299,129,320
6,8,35
265,130,259
265,130,289
360,0,0
57,32,129
427,242,168
265,19,45
416,129,35
416,129,43
416,129,67
416,129,97
416,129,259
416,129,289
336,168,115
137,41,51
33,136,35
15,8,33
480,1,9
480,1,129
170,35,137
45,31,11
459,3,4
421,67,160
425,0,0
240,1,3
240,1,33
156,3,260
167,459,131
167,459,161
267,0,0
444,10,3
444,10,5
444,10,7
444,10,33
444,10,37
13,27,45
145,419,451
296,17,41
344,168,115
478,0,0
83,9,20
73,35,140
73,35,392
25,49,105
49,139,271
49,139,391
299,151,9
299,151,265
44,138,295
44,25,43
44,25,57
417,137,38
417,137,50
418,162,457
135,259,385
138,37,27
138,37,75
181,193,35
208,161,99
171,55,9
167,3,136
9,161,227
293,2,9
293,2,129
289,145,105
232,168,115
133,0,0
133,0,3
133,0,33
123,188,42
80,137,295
62,9,3
62,9,4
62,9,16
62,9,33
194,385,163
194,385,387
203,419,385
217,32,0
425,211,33
425,211,289
113,160,65
189,11,4
227,424,146
340,137,35
217,194,417
17,43,157
41,189,59
41,189,107
175,174,74
107,172,26
37,137,98
37,137,290
330,133,11
259,131,169
259,131,297
259,131,393
259,131,417
259,131,425
26,45,27
429,224,193
257,128,35
376,136,35
177,105,49
177,105,145
177,105,161
177,105,177
159,41,16
72,129,299
72,129,419
149,3,260
334,1,0
233,35,136
168,67,165
168,67,417
7,139,301
7,139,421
181,35,136
266,3,13
266,3,133
266,3,137
266,3,169
266,3,265
266,3,385
241,489,131
148,35,137
63,176,97
138,168,115
399,3,0
399,3,4
399,3,256
265,43,151
265,43,181
143,14,42
66,9,31
66,9,61
66,9,151
66,9,181
180,1,9
180,1,129
500,162,73
500,162,193
500,162,265
500,162,385
429,139,3
146,0,0
146,0,3
146,0,9
146,0,33
146,0,129
169,50,9
37,75,165
265,6,11
332,3,9
332,3,11
332,3,13
332,3,41
332,3,129
332,3,131
332,3,133
332,3,136
332,3,161
332,3,260
332,3,265
332,3,385
27,45,11
27,45,19
27,45,25
27,45,27
382,138,5
382,138,257
447,234,160
447,234,224
41,153,39
41,153,51
41,153,99
41,153,291
13,35,152
13,35,200
174,14,11
174,14,15
74,162,457
375,0,3
375,0,33
187,510,170
362,8,35
153,51,41
301,155,33
301,155,35
301,155,37
301,155,41
301,155,289
452,168,115
417,192,33
326,1,9
326,1,129
67,384,131
147,137,98
147,137,290
464,138,295
137,419,451
225,225,97
225,225,161
225,225,193
225,225,225
291,0,0
167,203,289
120,9,7
120,9,37
214,34,137
322,131,393
19,161,115
65,163,457
75,39,137
75,39,141
419,129,64
419,129,256
419,129,320
431,234,176
431,234,224
27,9,20
27,9,34
27,9,37
193,289,147
387,385,67
174,42,25
174,42,145
73,181,43
73,181,107
187,429,3
121,161,320
55,146,297
457,167,11
7,271,139
7,271,143
173,35,136
177,32,9
31,133,35
55,3,13
55,3,133
243,1,0
172,3,9
172,3,11
172,3,13
172,3,129
172,3,131
172,3,133
172,3,136
172,3,260
172,3,265
172,3,385
135,393,35
135,393,99
11,135,267
105,32,129
266,135,267
105,177,41
105,177,73
105,177,97
105,177,105
6,9,31
6,9,43
6,9,47
6,9,59
6,9,61
6,9,151
6,9,163
6,9,167
6,9,179
6,9,181
451,129,33
451,129,34
451,129,64
451,129,256
451,129,320
360,1,9
360,1,129
161,80,41
43,20,9
265,18,41
392,131,291
133,43,31
133,43,61
446,34,136
15,11,161
15,11,165
131,169,121
195,161,41
195,161,105
422,138,7
422,138,37
422,138,259
422,138,289
395,291,129
42,137,35
264,131,295
264,131,299
264,131,419
193,227,425
193,227,481
390,1,3
390,1,33
255,458,129
222,1,0
46,162,457
178,42,157
255,40,0
255,40,16
3,173,91
3,173,123
484,129,3
484,129,33
46,13,11
151,43,9
121,189,11
73,34,137
418,1,9
418,1,129
49,57,57
129,481,227
224,33,25
224,33,73
224,33,137
224,33,139
224,33,145
224,33,193
25,48,41
466,162,265
466,162,385
348,130,259
348,130,289
115,185,41
129,131,299
11,163,481
34,0,0
34,0,3
34,0,9
34,0,33
34,0,129
470,162,73
470,162,193
470,162,265
470,162,385
495,302,3
135,258,129
161,131,267
488,128,35
33,73,181
399,46,26
243,424,138
243,424,146
243,424,194
187,424,194
464,129,35
464,129,259
464,129,289
429,219,33
289,144,41
9,49,121
86,33,73
86,33,137
86,33,193
393,291,131
203,37,10
131,256,3
131,256,129
131,256,131
416,131,267
416,131,297
416,131,387
47,13,10
454,1,0
94,40,19
94,40,25
94,40,49
94,40,145
151,35,136
193,489,179
37,136,35
331,423,131
259,130,265
259,130,385
278,162,457
137,0,0
137,0,3
137,0,33
3,137,115
3,137,295
386,3,13
386,3,133
386,3,137
386,3,169
386,3,265
386,3,385
26,42,157
425,67,160
175,399,3
201,0,0
429,112,137
429,112,168
35,137,38
35,137,50
35,137,98
35,137,290
167,137,34
173,107,145
456,33,80
25,189,107
300,1,3
300,1,33
263,143,11
67,423,395
128,33,91
128,33,121
128,33,155
128,33,185
128,33,203
128,33,211
128,33,219
128,33,233
128,33,241
128,33,249
295,143,11
134,11,15
134,11,45
134,11,165
10,13,31
10,13,47
10,13,59
105,137,38
105,137,50
185,33,16
185,33,64
185,33,80
451,423,11
288,3,143
288,3,173
289,195,417
170,14,15
143,9,34
235,483,129
62,42,137
32,9,31
32,9,47
32,9,59
32,9,61
32,9,63
32,9,151
32,9,167
32,9,179
32,9,181
32,9,183
217,3,9
217,3,13
217,3,129
217,3,133
217,3,136
217,3,137
217,3,265
217,3,385
143,303,11
143,303,131
260,9,59
260,9,179
45,3,136
45,3,260
45,3,385
449,160,65
368,0,0
320,163,457
179,104,168
372,136,34
372,136,35
41,152,35
13,34,137
133,299,151
133,299,155
97,145,297
60,3,265
60,3,385
429,178,104
50,41,153
289,11,295
167,394,386
494,10,35
419,194,168
372,162,457
92,33,9
92,33,11
92,33,25
92,33,41
92,33,73
92,33,80
92,33,129
92,33,131
92,33,136
92,33,145
92,33,161
92,33,193
129,41,59
404,168,115
421,11,20
20,11,143
20,11,173
10,33,121
10,33,185
10,33,211
10,33,233
10,33,241
161,75,165
295,0,0
67,161,105
67,161,169
67,161,201
67,161,225
67,161,233
380,168,19
380,168,49
380,168,67
380,168,97
494,160,137
167,202,416
322,128,3
322,128,33
399,296,145
52,41,153
18,137,107
18,137,115
18,137,227
18,137,295
18,137,299
18,137,355
18,137,419
436,136,35
191,422,3
143,259,130
131,459,167
131,459,419
458,162,73
458,162,193
458,162,265
458,162,385
175,3,256
112,33,25
112,33,73
112,33,137
112,33,139
112,33,145
112,33,169
112,33,193
222,42,5
222,42,13
222,42,133
302,2,137
27,8,33
193,288,131
302,130,265
302,130,385
141,0,0
255,422,3
222,2,137
387,384,3
292,3,13
292,3,133
292,3,137
292,3,139
292,3,169
292,3,265
292,3,385
154,44,27
396,33,137
36,8,35
129,363,183
504,2,137
385,163,331
385,163,361
11,41,177
267,131,161
267,131,417
417,227,193
417,227,201
49,163,457
299,131,260
265,128,35
9,139,295
157,3,4
157,3,256
157,3,260
360,145,41
342,1,0
342,1,9
342,1,129
289,139,271
289,139,391
9,20,43
137,47,31
15,10,5
170,33,25
170,33,73
170,33,145
170,33,193
507,160,0
507,160,64
417,131,11
417,131,267
470,10,5
227,33,136
164,11,15
164,11,45
164,11,135
19,301,139
19,301,155
131,295,139
297,51,137
297,51,153
98,161,201
61,43,129
482,192,161
480,224,225
474,162,257
474,162,265
474,162,385
37,2,137
40,137,115
40,137,295
265,34,137
296,19,45
296,19,169
259,169,121
259,169,241
188,1,0
154,0,0
16,33,91
16,33,121
16,33,155
16,33,185
16,33,203
16,33,211
16,33,219
16,33,233
16,33,241
16,33,249
137,50,41
139,301,19
45,59,25
45,59,153
438,42,25
438,42,137
438,42,145
31,9,4
31,9,16
31,9,20
31,9,33
31,9,34
163,129,320
183,194,289
404,9,19
404,9,35
404,9,49
44,27,45
429,106,176
31,303,131
148,9,7
148,9,19
148,9,35
148,9,37
148,9,43
148,9,49
148,9,163
395,166,74
138,35,137
0,0,0
0,0,3
0,0,9
0,0,33
0,0,129
161,115,169
418,386,387
9,167,331
9,167,459
436,34,137
254,42,5
254,42,9
254,42,13
254,42,129
254,42,133
170,5,11
355,3,265
355,3,385
427,510,170
324,138,295
459,33,16
156,35,11
156,35,41
156,35,131
156,35,136
156,35,137
156,35,161
47,159,11
47,159,41
155,291,129
189,122,168
17,41,59
17,41,155
17,41,179
17,41,185
288,128,35
363,56,49
259,133,75
3,136,35
386,0,0
386,0,3
386,0,9
386,0,33
386,0,129
451,265,35
448,35,137
35,136,3
35,136,33
35,136,34
35,136,35
354,129,3
354,129,11
354,129,33
354,129,34
354,129,41
354,129,64
354,129,131
354,129,161
354,129,256
354,129,320
173,106,176
428,18,41
233,33,16
233,33,64
233,33,80
171,375,137
162,193,225
162,193,417
91,173,3
91,173,11
91,173,19
91,173,35
91,173,67
29,0,0
320,128,35
180,3,265
180,3,385
56,17,41
227,232,176
430,138,3
430,138,7
430,138,33
430,138,35
430,138,37
430,138,259
430,138,289
464,168,115
368,1,9
368,1,129
181,0,0
37,73,177
510,10,4
27,47,13
27,47,141
41,159,47
41,159,299
145,361,163
145,361,179
97,144,41
424,67,161
496,129,3
496,129,33
148,42,157
201,35,136
201,35,140
201,35,392
248,2,137
233,227,385
163,200,33
265,0,0
265,0,3
265,0,33
397,176,105
506,34,136
11,157,43
299,159,11
299,159,41
24,32,137
172,168,115
151,385,35
43,157,35
43,157,42
43,157,43
91,137,34
57,9,7
57,9,20
57,9,34
295,3,136
67,160,73
67,160,193
39,399,139
5,11,47
5,11,143
5,11,167
5,11,173
137,131,291
491,170,5
491,170,17
322,129,11
322,129,34
322,129,35
322,129,41
322,129,43
322,129,67
322,129,97
322,129,131
322,129,139
322,129,161
322,129,163
322,129,169
322,129,259
322,129,289
322,129,320
52,42,157
19,163,457
42,0,0
42,0,3
42,0,9
42,0,33
42,0,129
65,161,107
65,161,203
65,161,227
65,161,233
179,425,67
380,130,257
240,137,35
491,129,0
145,43,31
145,43,61
141,63,43
387,387,131
387,387,259
387,387,385
387,387,387
36,9,31
36,9,43
36,9,47
36,9,59
36,9,61
36,9,151
36,9,163
36,9,167
36,9,179
36,9,181
140,2,9
140,2,129
224,168,115
7,265,147
173,33,80
174,266,131
174,266,135
235,488,162
462,1,0
211,259,137
234,160,67
234,160,73
234,160,97
234,160,193
182,128,35
267,130,257
361,35,136
418,42,157
51,393,131
135,395,259
135,395,291
394,3,9
394,3,13
394,3,41
394,3,129
394,3,133
394,3,136
394,3,161
394,3,260
394,3,265
394,3,385
265,135,267
426,146,41
426,146,297
360,146,297
133,41,157
308,1,9
308,1,129
113,40,17
422,136,34
422,136,35
431,426,146
431,426,194
113,185,41
193,225,225
454,136,35
165,75,37
165,75,133
165,75,161
165,75,165
450,385,131
122,40,25
122,40,145
355,73,161
235,418,386
61,155,289
141,35,136
141,35,152
141,35,200
40,25,47
40,25,59
40,25,61
154,1,3
154,1,33
259,43,157
22,8,3
22,8,33
244,136,35
395,134,42
459,422,138
73,32,9
73,32,129
362,160,73
362,160,193
293,137,34
293,137,35
293,137,38
293,137,50
293,137,98
293,137,290
49,136,35
179,449,35
25,167,331
176,105,177
58,25,41
320,0,0
320,0,3
320,0,9
320,0,33
320,0,129
384,129,107
384,129,227
11,165,75
195,128,33
423,1,0
447,426,130
447,426,194
265,163,451
265,163,481
170,224,225
29,59,41
294,129,320
33,169,91
33,169,211
508,136,34
62,12,11
99,9,20
99,9,35
203,39,9
387,2,9
155,9,34
175,58,56
364,129,3
364,129,33
84,0,0
84,0,3
84,0,9
84,0,33
84,0,129
107,161,80
97,139,271
97,139,391
259,132,11
192,161,107
192,161,115
192,161,227
481,193,160
457,3,4
457,3,256
457,3,260
3,139,301
3,139,421
129,289,211
296,138,295
3,425,211
3,425,243
120,33,9
120,33,11
120,33,25
120,33,73
120,33,80
120,33,129
120,33,131
120,33,136
120,33,137
120,33,145
120,33,161
120,33,193
456,35,11
456,35,41
456,35,131
456,35,136
456,35,137
456,35,161
129,451,419
149,0,0
1,9,63
1,9,183
96,137,47
96,137,55
96,137,59
96,137,115
96,137,167
96,137,179
96,137,295
210,129,259
210,129,289
263,137,34
263,137,35
263,137,38
263,137,50
263,137,98
263,137,290
266,7,15
266,7,139
67,425,179
67,425,211
128,35,157
128,35,457
134,9,7
134,9,19
134,9,35
134,9,37
134,9,43
134,9,49
488,1,0
360,3,13
360,3,133
104,49,57
104,49,169
494,138,3
494,138,5
494,138,7
494,138,33
494,138,37
191,174,74
191,174,266
393,99,161
143,11,20
375,50,41
160,193,227
160,193,419
160,193,481
260,11,47
260,11,167
133,259,387
502,34,136
507,458,129
193,169,115
250,42,13
250,42,133
447,248,168
37,72,161
75,141,35
75,141,39
350,1,0
297,155,37
297,155,39
474,2,137
419,201,33
107,141,3
491,234,164
491,234,176
330,164,75
258,137,47
258,137,55
258,137,59
258,137,115
258,137,167
258,137,179
258,137,295
429,176,73
74,161,105
74,161,195
74,161,225
97,0,0
97,0,9
97,0,129
201,3,137
201,3,260
201,34,9
201,34,129
427,1,0
59,61,9
59,61,25
45,2,129
233,226,416
92,35,137
483,202,164
186,168,67
186,168,97
481,243,41
82,9,7
82,9,19
82,9,37
82,9,49
11,15,15
172,26,45
48,8,35
162,0,0
162,0,3
162,0,9
162,0,33
162,0,129
24,33,91
24,33,121
24,33,139
24,33,155
24,33,169
24,33,185
24,33,203
24,33,211
24,33,233
24,33,241
299,153,33
39,219,169
301,3,4
301,3,129
301,3,136
301,3,256
301,3,260
57,8,3
179,489,131
179,489,161
393,183,43
67,163,457
57,121,161
171,129,320
123,136,34
214,33,9
214,33,129
203,129,34
193,107,181
179,424,194
397,289,131
8,0,0
8,0,3
8,0,9
8,0,33
8,0,129
155,296,162
458,160,67
458,160,97
320,129,43
320,129,107
320,129,163
320,129,227
320,129,299
320,129,331
320,129,361
320,129,419
320,129,451
320,129,481
397,3,4
397,3,256
222,40,3
222,40,17
222,40,19
222,40,33
222,40,49
329,183,43
60,33,73
60,33,193
391,459,161
290,128,3
290,128,33
129,361,179
225,192,33
153,99,161
7,264,131
348,10,7
348,10,37
398,138,35
129,11,47
385,161,457
428,1,0
11,43,181
267,133,67
34,136,35
394,0,0
361,179,9
361,179,41
361,179,73
361,179,137
361,179,265
299,133,10
262,11,15
262,11,45
262,11,135
262,11,165
181,233,97
20,41,155
20,41,185
496,34,137
271,143,3
271,143,7
271,143,11
271,143,35
271,143,259
189,58,42
189,58,44
189,58,56
43,9,20
251,458,129
426,34,137
241,97,160
80,161,107
80,161,227
160,9,31
160,9,47
160,9,59
160,9,61
160,9,151
387,137,38
387,137,50
19,303,143
482,129,3
482,129,33
482,129,64
482,129,256
131,297,147
222,34,9
222,34,129
222,34,136
61,41,80
155,44,42
500,42,13
500,42,25
500,42,133
500,42,145
37,0,0
37,0,9
37,0,129
297,211,161
141,34,9
141,34,129
374,136,3
374,136,33
374,136,34
480,193,161
490,138,7
490,138,37
382,168,17
382,168,65
255,186,40
255,186,296
41,169,211
260,0,0
260,0,3
260,0,9
260,0,33
260,0,129
22,9,7
22,9,11
22,9,19
22,9,20
22,9,34
22,9,35
22,9,37
22,9,41
22,9,43
22,9,49
22,9,131
22,9,139
22,9,161
22,9,163
22,9,169
128,3,143
128,3,173
128,3,271
128,3,301
128,3,391
128,3,395
128,3,399
128,3,421
128,3,425
128,3,429
444,34,9
444,34,129
444,34,136
276,42,157
508,42,5
508,42,17
300,137,35
468,168,115
7,163,457
58,137,35
138,33,25
138,33,73
138,33,145
138,33,193
484,3,9
484,3,129
195,417,67
195,417,131
195,417,193
195,417,195
124,9,3
124,9,33
90,137,35
185,123,41
185,123,161
66,33,155
66,33,185
170,3,13
170,3,133
170,3,265
170,3,385
427,142,14
99,153,41
47,153,33
145,97,225
240,33,9
240,33,11
240,33,25
240,33,41
240,33,73
240,33,80
240,33,129
240,33,131
240,33,136
240,33,137
240,33,145
240,33,193
41,16,9
41,16,33
41,16,41
47,14,138
364,130,259
364,130,265
364,130,289
364,130,385
427,186,56
13,59,61
13,59,185
330,129,3
330,129,33
330,129,34
330,129,35
330,129,41
330,129,67
330,129,97
330,129,131
330,129,161
330,129,259
330,129,289
330,129,320
259,135,267
50,0,0
50,0,9
50,0,129
26,41,57
26,41,147
26,41,177
490,34,136
301,179,73
115,233,161
263,136,3
263,136,33
507,302,3
254,10,137
227,193,160
265,47,31
33,219,429
427,174,26
19,137,98
19,137,290
241,41,20
42,42,157
355,33,73
355,33,193
431,508,170
425,51,9
133,258,131
51,137,34
51,137,98
51,137,290
251,478,170
27,33,80
27,33,136
27,33,193
41,157,43
424,19,41
316,1,0
37,169,91
37,169,211
466,160,67
466,160,73
466,160,97
466,160,193
107,29,35
26,13,15
26,13,43
121,137,34
201,33,80
173,59,25
31,173,67
385,43,31
385,43,61
376,168,19
376,168,49
135,3,136
135,3,260
135,3,265
72,161,107
72,161,115
72,161,227
187,363,129
149,35,136
149,35,137
149,35,140
149,35,152
149,35,200
149,35,392
451,131,260
243,41,16
48,9,31
48,9,43
48,9,47
48,9,59
48,9,61
48,9,151
48,9,163
48,9,167
48,9,179
48,9,181
11,159,47
11,159,299
276,9,7
276,9,19
276,9,35
276,9,37
276,9,43
276,9,49
276,9,163
320,131,395
320,131,425
446,10,4
446,10,5
39,393,131
5,9,59
5,9,179
449,0,0
42,145,105
42,145,297
165,35,152
165,35,200
179,73,160
397,2,0
145,41,27
145,41,43
145,41,51
145,41,57
145,41,59
27,13,7
36,11,143
36,11,157
36,11,173
163,392,3
484,162,73
484,162,193
7,267,135
387,419,193
387,419,201
126,1,0
63,164,67
92,0,0
267,132,3
34,137,47
34,137,59
34,137,107
34,137,115
34,137,167
34,137,179
34,137,227
34,137,295
34,137,299
34,137,419
164,138,295
394,1,3
394,1,33
170,65,161
105,181,11
219,429,3
157,0,0
90,37,11
242,168,19
242,168,49
242,168,67
242,168,97
33,131,395
308,3,137
308,3,265
308,3,385
170,44,27
52,8,3
52,8,33
235,234,164
142,168,115
165,73,49
41,59,61
155,47,13
427,458,162
249,169,3
141,33,80
141,33,137
3,0,0
3,0,3
3,0,9
3,0,33
3,0,129
249,26,13
212,138,295
342,34,137
202,416,195
174,74,161
174,74,165
329,35,136
329,35,137
329,35,140
329,35,152
329,35,200
329,35,392
187,58,44
173,3,4
173,3,256
173,3,260
184,97,161
211,289,130
7,13,27
152,32,9
152,32,129
11,167,331
105,0,0
162,73,165
162,73,177
105,145,289
0,3,399
0,3,429
185,9,34
486,8,35
257,139,295
265,161,457
510,130,256
133,11,15
133,11,39
133,11,43
133,11,45
133,11,47
180,42,157
490,160,65
170,0,0
191,362,129
38,11,141
459,34,136
438,128,35
146,168,115
131,260,11
145,96,161
449,483,163
160,73,167
160,73,179
160,73,181
47,9,4
47,9,16
47,9,20
13,169,115
431,174,26
431,174,74
179,129,320
363,172,26
94,44,11
94,44,27
97,137,38
97,137,50
385,66,161
164,9,7
164,9,19
164,9,35
164,9,37
164,9,43
164,9,49
16,0,0
16,0,3
16,0,9
16,0,33
16,0,129
22,42,157
83,40,17
203,0,0
424,194,417
328,129,35
328,129,43
328,129,67
328,129,97
328,129,163
328,129,259
328,129,289
428,32,137
176,73,163
176,73,165
395,386,162
448,129,35
448,129,43
448,129,67
448,129,97
448,129,163
448,129,259
448,129,289
225,227,385
225,227,393
129,227,481
129,227,489
404,35,137
295,139,260
394,168,115
161,163,331
260,131,299
260,131,419
214,168,67
214,168,97
494,136,34
436,1,0
431,218,33
19,136,35
217,7,11
143,299,145
393,131,290
393,131,291
165,10,5
51,136,3
51,136,33
250,40,17
41,115,169
4,129,363
4,129,483
297,153,35
297,153,51
27,32,129
387,3,13
387,3,136
387,3,260
255,398,138
447,170,1
447,170,65
88,161,99
330,162,457
168,168,115
201,32,3
201,32,33
129,259,391
173,58,56
182,264,131
233,224,162
149,34,9
149,34,129
168,65,161
168,65,163
182,42,137
249,106,164
159,302,138
360,35,137
24,35,143
24,35,157
24,35,173
24,35,395
24,35,397
24,35,425
24,35,457
299,155,37
390,129,67
390,129,97
423,203,33
67,165,75
470,34,9
470,34,129
470,34,136
470,34,137
302,138,7
302,138,37
302,138,259
302,138,289
137,55,43
496,136,35
5,8,35
133,67,417
427,426,146
97,193,417
227,9,20
143,271,3
143,271,7
159,3,256
122,160,73
122,160,193
246,1,0
193,139,295
145,40,19
145,40,49
27,12,3
212,0,0
170,104,177
40,145,107
40,145,299
40,145,361
480,129,3
480,129,11
480,129,33
480,129,34
480,129,35
480,129,41
480,129,67
480,129,97
480,129,131
480,129,259
480,129,289
480,129,320
148,0,0
148,0,3
148,0,9
148,0,33
148,0,129
97,177,105
60,35,137
121,59,13
164,65,161
427,178,104
106,176,105
248,33,9
248,33,16
248,33,64
248,33,129
490,162,9
490,162,73
490,162,129
490,162,137
490,162,193
490,162,265
490,162,385
224,225,225
372,130,265
372,130,385
92,1,3
92,1,33
428,3,4
428,3,9
428,3,129
428,3,256
11,45,27
267,135,11
267,135,259
267,135,265
267,135,267
58,0,0
262,9,7
262,9,19
262,9,37
262,9,49
20,43,157
232,49,41
161,107,181
271,11,20
190,40,17
86,137,35
385,35,152
385,35,200
52,9,7
52,9,11
52,9,19
52,9,20
52,9,34
52,9,35
52,9,37
52,9,41
52,9,43
52,9,49
52,9,131
52,9,139
52,9,161
52,9,163
52,9,169
298,137,35
449,227,161
240,168,115
131,299,151
165,72,33
155,46,14
397,37,11
74,5,11
259,173,91
425,194,162
225,0,0
59,153,33
178,265,131
73,37,27
129,331,167
25,59,61
25,59,173
210,9,7
210,9,37
182,72,161
385,131,43
385,131,267
385,131,291
385,131,297
385,131,299
7,12,11
300,26,45
290,0,0
290,0,9
290,0,129
152,33,11
152,33,25
152,33,41
152,33,43
152,33,73
152,33,80
152,33,131
152,33,136
152,33,145
152,33,161
152,33,163
152,33,193
289,131,139
289,131,267
289,131,387
289,131,393
289,131,395
63,154,296
105,144,33
181,203,289
195,419,385
195,419,393
185,121,33
185,121,49
254,160,35
170,1,3
170,1,9
170,1,33
170,1,129
38,8,3
38,8,33
428,130,259
428,130,289
136,0,0
136,0,3
136,0,9
136,0,33
136,0,129
399,292,137
399,292,138
421,97,137
297,19,13
451,35,136
47,155,289
350,40,17
332,0,0
482,160,73
482,160,193
97,136,35
259,137,38
259,137,50
447,488,129
457,0,0
175,394,386
291,137,34
291,137,38
291,137,50
414,138,35
414,138,259
414,138,289
187,488,162
295,137,34
35,140,11
254,0,0
468,136,35
116,33,73
116,33,137
116,33,193
45,27,13
45,27,37
45,27,41
45,27,45
177,99,137
177,99,393
452,35,137
49,169,91
49,169,211
384,33,91
384,33,121
384,33,211
384,33,241
58,56,57
115,9,4
115,9,16
115,9,20
148,41,27
148,41,57
148,41,147
148,41,177
295,138,138
295,138,168
43,181,73
91,161,320
39,129,35
39,129,320
171,9,20
218,36,11
232,224,225
416,0,0
416,0,3
416,0,9
416,0,33
416,0,129
137,107,181
270,137,35
19,139,301
19,139,421
425,131,320
143,298,146
289,193,225
189,41,16
500,136,3
500,136,33
500,136,34
500,136,35
175,106,176
293,219,169
27,35,140
27,35,392
175,219,33
17,9,47
17,9,167
112,137,35
94,9,3
94,9,33
41,131,387
226,129,3
226,129,11
226,129,33
226,129,34
226,129,41
226,129,67
226,129,97
226,129,259
226,129,289
226,129,320
241,227,385
144,35,143
144,35,157
144,35,173
144,35,395
144,35,397
144,35,425
144,35,457
73,131,457
2,129,107
2,129,227
2,129,299
2,129,331
2,129,361
2,129,363
2,129,419
2,129,451
2,129,481
2,129,483
150,9,3
150,9,7
150,9,11
150,9,19
150,9,20
150,9,33
150,9,34
150,9,35
150,9,37
150,9,41
150,9,49
150,9,161
147,41,41
147,41,57
504,1,0
201,39,11
211,33,9
211,33,16
211,33,64
211,33,80
211,33,136
332,35,137
173,74,162
159,11,4
149,33,80
11,0,0
11,0,33
11,0,129
286,138,259
286,138,289
177,361,131
276,11,15
276,11,45
276,11,135
276,11,165
299,154,44
447,482,162
366,1,0
270,138,295
80,41,59
80,41,179
194,33,25
194,33,73
194,33,137
194,33,145
194,33,169
194,33,193
271,167,73
133,66,161
56,49,105
56,49,169
113,0,0
131,417,195
62,40,25
62,40,145
179,361,129
179,361,145
142,35,137
8,3,143
8,3,173
8,3,271
8,3,301
8,3,391
8,3,395
8,3,399
8,3,421
8,3,425
8,3,429
431,3,0
368,33,25
368,33,137
368,33,145
478,42,5
478,42,17
13,159,299
202,168,115
212,1,3
212,1,33
178,0,0
40,33,91
40,33,155
40,33,203
40,33,211
40,33,241
328,33,25
328,33,73
328,33,145
328,33,193
211,41,20
139,260,3
177,201,35
177,201,291
233,129,34
7,43,157
504,168,19
504,168,35
504,168,49
419,451,129
419,451,385
58,1,9
58,1,129
11,189,59
11,189,107
24,0,0
24,0,3
24,0,9
24,0,33
24,0,129
299,134,138
424,168,115
6,3,395
6,3,425
331,173,19
57,41,131
57,41,147
226,385,131
67,128,3
67,128,33
33,16,41
340,168,115
181,41,80
9,31,47
356,162,457
33,129,331
33,129,451
170,42,157
157,59,41
436,10,7
436,10,13
436,10,37
436,10,133
395,423,11
395,423,131
165,3,136
165,3,260
165,3,265
65,129,299
65,129,419
251,186,44
251,186,296
179,393,3
10,129,227
10,129,361
10,129,419
10,129,451
10,129,481
41,57,57
240,97,161
155,33,16
155,33,64
155,33,80
175,34,136
145,11,157
296,147,297
417,129,34
417,129,67
417,129,320
444,1,0
107,185,49
420,138,295
482,162,137
484,130,259
484,130,265
484,130,289
484,130,385
420,194,417
301,59,25
203,289,130
73,36,11
59,9,4
59,9,16
59,9,20
1,33,219
1,33,249
385,130,259
385,130,289
7,15,15
176,9,7
176,9,19
176,9,35
176,9,37
176,9,43
176,9,49
394,35,137
417,130,257
265,167,203
265,167,331
181,123,41
191,182,42
9,59,61
9,59,189
420,67,161
271,159,41
38,9,7
38,9,11
38,9,19
38,9,20
38,9,34
38,9,37
38,9,41
38,9,49
38,9,131
38,9,139
38,9,161
38,9,169
406,42,25
406,42,145
144,32,137
297,18,9
47,154,296
142,138,295
165,107,145
165,107,153
47,11,260
13,167,331
385,107,181
481,161,80
259,136,35
188,34,136
188,34,137
212,168,115
235,249,33
3,143,271
3,143,303
225,35,140
225,35,392
106,137,35
35,143,271
328,131,267
328,131,297
328,131,387
328,131,417
265,2,9
265,2,129
130,137,115
130,137,295
3,429,219
133,8,35
82,33,25
82,33,73
82,33,137
82,33,139
82,33,145
82,33,169
82,33,193
489,33,16
456,1,3
456,1,33
30,35,137
418,193,161
161,161,75
190,138,259
190,138,289
446,130,35
329,130,257
124,40,19
124,40,25
124,40,49
124,40,145
191,170,65
191,170,257
436,3,9
436,3,129
483,232,176
66,0,0
66,0,3
66,0,9
66,0,33
66,0,129
355,44,27
150,265,131
75,129,34
75,129,289
75,129,320
17,8,35
131,0,0
131,0,9
131,0,33
107,129,64
107,129,256
107,129,320
60,25,41
192,129,299
192,129,419
457,35,136
224,129,35
224,129,43
224,129,67
224,129,97
224,129,259
224,129,289
166,137,35
201,183,43
348,34,136
348,34,137
386,259,135
386,259,139
49,123,173
452,0,0
129,35,157
129,35,457
120,176,105
166,162,457
182,40,25
182,40,145
233,0,0
54,129,35
147,289,193
420,3,9
420,3,11
420,3,13
420,3,41
420,3,129
420,3,131
420,3,133
420,3,136
420,3,137
420,3,260
420,3,265
420,3,385
263,399,139
104,17,41
33,11,143
494,170,17
494,170,26
494,170,56
494,170,146
494,170,176
332,1,3
332,1,33
170,164,75
134,267,135
218,168,35
298,0,0
42,13,15
42,13,27
316,138,259
316,138,289
329,167,11
217,146,297
227,489,131
227,489,161
175,9,16
217,259,131
75,173,19
75,173,51
249,146,265
454,130,259
454,130,265
454,130,289
454,130,385
3,41,185
226,162,457
64,9,63
64,9,183
46,137,35
178,1,9
178,1,129
326,137,35
292,9,7
292,9,19
292,9,37
292,9,49
424,129,35
424,129,67
424,129,97
144,0,0
144,0,3
144,0,9
144,0,33
144,0,129
164,67,169
164,67,417
97,32,137
150,42,157
249,74,133
254,168,3
254,168,33
254,168,65
254,168,67
254,168,97
116,137,35
11,47,31
233,83,137
423,395,3
391,419,193
6,0,0
6,0,3
6,0,9
6,0,33
6,0,129
161,105,177
57,40,17
185,99,129
464,33,9
464,33,11
464,33,25
464,33,41
464,33,73
464,33,80
464,33,129
464,33,131
464,33,136
464,33,145
464,33,161
464,33,193
427,234,176
57,153,35
57,153,291
406,3,9
406,3,129
267,128,33
52,11,141
203,161,320
65,128,35
491,362,162
47,129,320
169,115,137
169,115,168
169,115,169
259,139,301
259,139,421
13,19,297
107,184,56
163,331,133
491,182,9
391,299,145
73,43,151
73,43,181
187,63,9
173,0,0
187,172,74
25,57,57
390,259,131
234,129,3
234,129,33
340,0,0
129,107,181
129,107,189
152,35,137
152,35,140
152,35,392
44,17,41
385,419,203
385,419,451
346,136,35
459,161,64
494,0,0
259,387,387
195,421,11
195,160,65
9,169,115
289,169,91
289,169,211
19,0,0
19,0,9
19,0,129
449,419,131
436,138,259
436,138,289
99,429,139
80,129,299
80,129,419
355,9,3
355,9,7
355,9,19
355,9,33
355,9,34
355,9,35
355,9,37
355,9,49
483,74,37
62,128,35
284,138,295
303,158,42
189,3,256
374,1,0
374,170,137
41,20,11
17,35,395
17,35,397
17,35,425
17,35,457
288,129,43
288,129,107
288,129,163
288,129,227
288,129,299
288,129,331
288,129,361
288,129,419
288,129,451
288,129,481
390,266,135
107,164,138
151,425,67
121,0,0
16,3,399
16,3,429
376,33,9
376,33,129
150,266,135
492,32,137
395,391,3
395,391,259
45,25,49
177,97,193
466,129,3
466,129,33
483,424,146
378,8,35
384,35,155
384,35,157
384,35,185
384,35,203
384,35,217
384,35,233
384,35,457
7,131,295
390,9,19
390,9,49
387,129,34
387,129,97
387,129,320
63,184,104
482,1,0
202,164,75
63,9,0
63,9,4
63,9,16
194,168,115
447,174,10
447,174,74
195,385,259
416,193,163
416,193,225
56,168,115
227,129,64
227,129,256
227,129,320
180,9,3
180,9,7
180,9,11
180,9,19
180,9,20
180,9,33
180,9,34
180,9,35
180,9,37
180,9,41
180,9,49
180,9,131
328,162,457
32,0,0
32,0,3
32,0,9
32,0,33
32,0,129
51,141,11
14,3,13
14,3,133
14,3,137
14,3,169
14,3,265
14,3,385
421,3,4
421,3,9
421,3,136
421,3,256
421,3,260
75,128,33
350,10,5
27,37,73
420,129,67
420,129,97
84,33,25
84,33,73
84,33,137
84,33,139
84,33,145
84,33,169
84,33,193
363,26,37
326,162,457
60,26,45
406,10,7
406,10,13
406,10,37
406,10,133
26,9,7
26,9,19
26,9,35
26,9,37
26,9,49
26,9,163
55,134,267
457,179,41
489,226,162
489,226,224
489,226,416
254,34,136
419,203,37
39,201,161
452,1,3
452,1,33
129,34,137
49,203,421
418,0,0
178,104,177
159,299,129
340,33,25
340,33,73
340,33,145
340,33,193
147,288,129
459,419,129
427,129,64
167,393,3
398,258,131
104,161,75
104,161,195
104,161,225
388,0,0
388,0,3
388,0,33
298,1,9
298,1,129
19,169,121
19,169,241
131,419,451
264,0,0
264,0,3
264,0,9
264,0,33
264,0,129
28,41,27
28,41,57
28,41,147
28,41,177
378,162,137
378,162,265
378,162,385
340,9,7
340,9,19
340,9,37
340,9,49
42,157,43
61,0,0
286,136,35
480,162,457
46,25,41
483,266,7
329,0,0
147,9,20
147,9,34
147,9,37
40,35,157
40,35,457
73,189,59
140,3,11
140,3,13
140,3,41
140,3,43
140,3,131
140,3,133
140,3,136
140,3,161
140,3,163
140,3,260
140,3,265
140,3,385
393,3,260
121,169,3
382,0,0
386,162,457
244,33,9
244,33,129
331,161,80
201,291,131
399,399,3
186,56,41
186,56,57
243,9,4
48,41,155
48,41,157
48,41,185
158,34,136
158,34,137
423,394,134
423,394,138
423,394,386
489,227,129
172,138,295
105,185,49
105,185,51
157,107,161
90,33,9
90,33,25
90,33,41
90,33,73
90,33,80
90,33,129
90,33,131
90,33,136
90,33,137
90,33,145
90,33,161
90,33,193
299,145,40
446,42,9
446,42,17
446,42,25
446,42,129
446,42,145
137,161,99
422,130,265
422,130,385
346,34,137
135,137,98
135,137,290
166,1,9
166,1,129
350,160,65
8,33,91
8,33,121
8,33,155
8,33,185
8,33,203
8,33,211
8,33,219
8,33,233
8,33,241
8,33,249
155,35,136
296,131,267
296,131,387
296,131,417
37,11,15
37,11,135
37,11,139
37,11,141
37,11,143
13,18,41
74,0,0
74,0,3
74,0,9
74,0,33
74,0,129
448,162,457
3,4,11
145,299,143
145,299,151
130,385,227
130,385,419
130,385,451
278,9,3
278,9,7
278,9,11
278,9,19
278,9,20
278,9,33
278,9,34
278,9,37
278,9,41
278,9,49
278,9,131
278,9,161
235,172,26
233,161,320
139,290,129
82,168,115
83,129,320
419,131,260
203,35,136
139,0,0
139,0,33
385,128,35
115,129,64
115,129,256
115,129,320
25,169,115
376,129,3
376,129,33
266,133,43
266,133,75
234,416,131
234,416,195
417,128,3
91,41,20
266,129,35
266,129,67
266,129,97
266,129,163
266,129,259
266,129,289
232,129,35
232,129,259
232,129,289
394,259,131
208,41,51
426,3,9
426,3,129
33,163,457
184,49,41
241,0,0
243,233,33
136,3,271
136,3,301
136,3,391
136,3,421
227,201,33
41,27,45
387,35,152
387,35,200
133,459,419
482,130,265
482,130,385
340,1,3
340,1,9
340,1,33
340,1,129
500,34,9
500,34,129
500,34,136
500,34,137
61,185,97
193,481,163
193,481,227
308,42,157
168,33,25
168,33,73
168,33,145
168,33,193
249,58,44
225,33,25
225,33,80
225,33,136
141,291,131
235,136,34
386,138,295
376,34,137
429,104,145
178,296,147
45,24,33
173,99,129
177,96,129
149,10,5
1,3,399
1,3,429
186,1,0
152,0,0
152,0,3
152,0,33
496,1,0
30,33,73
30,33,193
134,3,13
134,3,133
134,3,137
134,3,169
134,3,265
134,3,385
328,0,0
328,0,3
328,0,9
328,0,33
328,0,129
235,161,64
185,41,20
167,73,160
166,266,135
195,384,3
124,42,13
124,42,133
219,262,137
219,262,138
427,483,129
375,98,161
133,107,181
133,107,185
164,3,13
164,3,133
164,3,137
164,3,139
164,3,265
164,3,385
75,421,131
122,136,34
122,136,35
14,0,0
14,0,3
14,0,9
14,0,33
14,0,129
193,163,331
193,163,361
481,129,3
481,129,34
481,129,64
481,129,256
481,129,320
27,36,9
246,168,65
246,168,67
246,168,97
258,131,395
258,131,425
258,131,457
97,169,91
97,169,211
211,161,320
73,128,35
457,33,16
457,33,64
457,33,80
225,97,145
55,129,3
55,129,33
55,129,34
55,129,35
55,129,67
55,129,97
55,129,259
55,129,289
187,9,4
214,40,19
214,40,25
214,40,49
214,40,145
35,173,91
328,161,75
328,161,105
328,161,195
328,161,225
3,395,391
3,395,423
386,257,131
116,0,0
49,121,169
49,121,185
129,256,131
395,418,194
219,166,266
92,168,115
105,51,137
105,51,141
159,298,134
159,298,146
159,298,162
384,0,0
384,0,3
384,0,9
384,0,33
384,0,129
67,395,391
350,162,73
350,162,193
350,162,265
350,162,385
147,291,137
147,291,393
476,170,35
459,418,162
459,418,194
459,418,386
9,151,299
67,169,121
67,169,241
450,35,137
33,9,31
33,9,151
380,160,65
170,162,457
397,104,177
134,265,147
134,265,163
137,59,61
356,137,35
104,162,457
510,136,34
18,129,331
18,129,361
18,129,451
18,129,481
298,145,41
28,42,157
155,299,133
131,320,161
156,0,0
175,11,4
27,0,0
112,168,115
3,43,157
292,11,15
292,11,45
292,11,135
292,11,165
466,136,35
12,9,59
12,9,179
141,363,163
244,34,137
173,26,42
25,35,140
25,35,392
210,33,9
210,33,11
210,33,25
210,33,41
210,33,73
210,33,80
210,33,129
210,33,136
210,33,137
210,33,145
210,33,161
210,33,193
182,10,13
182,10,133
24,3,271
24,3,301
24,3,391
24,3,421
240,224,225
482,8,35
252,40,3
252,40,17
252,40,19
252,40,33
252,40,49
185,97,160
114,9,20
498,168,17
498,168,19
498,168,49
9,179,361
9,179,489
67,133,267
336,162,457
194,0,0
194,0,3
194,0,9
194,0,33
194,0,129
342,136,34
342,136,35
133,163,331
133,163,361
113,33,80
113,33,136
113,33,137
131,303,143
131,303,155
61,35,136
397,33,9
397,33,25
397,33,73
397,33,129
397,33,136
397,33,137
397,33,145
397,33,193
145,8,35
37,10,13
37,10,133
259,0,0
259,0,9
259,0,129
468,138,295
37,155,299
37,155,301
340,42,157
40,0,0
40,0,3
40,0,9
40,0,33
40,0,129
46,26,45
45,51,137
45,51,201
490,130,257
257,35,155
257,35,157
257,35,185
257,35,217
187,174,266
163,137,34
163,137,38
163,137,50
163,137,98
163,137,290
334,162,73
334,162,193
7,8,3
7,8,33
267,167,73
267,167,201
44,19,169
44,19,297
195,137,38
195,137,50
490,8,35
256,131,303
256,131,423
256,131,459
256,131,489
63,134,259
380,10,5
39,153,41
171,33,80
33,64,161
161,11,15
436,42,25
436,42,145
425,33,80
137,115,169
251,234,164
251,234,416
458,1,0
131,267,135
189,1,0
303,9,16
375,170,9
375,170,129
375,170,137
375,170,138
375,170,168
214,136,35
17,33,203
17,33,233
131,41,57
444,32,137
74,37,27
74,37,139
420,9,19
420,9,49
163,361,145
225,32,9
278,42,157
214,1,0
478,136,34
291,141,11
59,185,97
126,136,3
126,136,33
126,136,34
149,9,20
149,9,34
149,9,35
495,248,168
54,9,3
54,9,4
54,9,11
54,9,16
54,9,20
54,9,33
54,9,34
54,9,41
54,9,131
54,9,161
388,131,291
134,0,0
134,0,3
134,0,9
134,0,33
134,0,129
181,43,9
303,1,0
270,134,267
426,194,161
426,194,417
384,131,295
384,131,299
384,131,419
470,1,0
416,195,417
167,266,138
56,25,43
56,25,45
19,143,271
431,458,162
248,96,161
113,233,161
398,1,0
449,33,80
506,40,35
331,143,7
260,129,107
260,129,227
226,42,157
27,39,137
27,39,393
178,137,35
363,28,35
363,28,42
258,128,35
74,168,115
31,11,260
429,58,56
175,426,194
425,19,40
447,186,40
447,186,104
116,1,9
116,1,129
452,3,9
452,3,11
452,3,13
452,3,41
452,3,129
452,3,131
452,3,133
452,3,136
452,3,161
452,3,260
452,3,265
452,3,385
82,0,0
82,0,3
82,0,9
82,0,33
82,0,129
11,4,3
11,4,9
11,4,11
186,34,137
265,147,297
427,131,256
191,122,168
146,297,147
147,0,0
123,129,256
33,249,249
459,131,256
137,139,295
431,428,138
264,2,137
378,160,9
378,160,65
378,160,73
378,160,129
378,160,193
10,133,107
10,133,299
10,133,331
143,266,162
240,129,259
240,129,289
364,34,137
145,35,140
145,35,392
296,145,43
296,145,105
491,62,42
60,56,57
144,3,271
144,3,301
144,3,391
144,3,421
73,163,451
73,163,481
31,143,259
510,170,1
510,170,3
510,170,5
510,170,9
510,170,14
510,170,17
510,170,26
510,170,33
510,170,42
510,170,44
510,170,56
510,170,65
510,170,74
510,170,104
510,170,129
510,170,134
510,170,138
510,170,146
510,170,162
510,170,164
510,170,168
510,170,176
510,170,194
510,170,224
510,170,257
510,170,266
510,170,296
510,170,386
510,170,416
348,1,0
348,1,3
348,1,33
25,34,137
234,168,19
234,168,49
276,138,295
387,393,35
387,393,51
58,13,11
385,299,151
191,9,0
29,47,11
67,132,11
289,130,265
289,130,385
241,137,34
80,9,47
80,9,167
9,3,391
9,3,421
446,40,137
123,173,3
308,9,3
308,9,7
308,9,11
308,9,19
308,9,20
308,9,33
308,9,34
308,9,37
308,9,41
308,9,49
308,9,131
308,9,161
62,24,41
137,167,331
376,1,0
113,32,9
113,32,129
155,263,137
396,3,4
396,3,9
396,3,11
396,3,41
396,3,129
396,3,131
396,3,136
396,3,161
396,3,256
396,3,260
142,3,9
142,3,13
142,3,41
142,3,129
142,3,133
142,3,136
142,3,161
142,3,260
142,3,265
142,3,385
8,35,157
8,35,457
393,35,136
393,35,152
393,35,200
155,37,10
249,194,385
175,46,26
212,33,9
212,33,11
212,33,25
212,33,41
212,33,73
212,33,80
212,33,129
212,33,131
212,33,136
212,33,145
212,33,161
212,33,193
107,189,11
107,189,41
151,299,129
151,299,131
151,299,133
151,299,137
151,299,145
483,129,0
483,129,64
483,129,256
145,297,147
154,9,7
154,9,35
154,9,37
291,153,41
211,299,133
235,174,14
486,162,73
486,162,137
486,162,193
22,0,0
22,0,9
22,0,129
177,233,97
177,233,99
106,145,41
416,162,457
3,301,155
59,13,10
7,11,45
7,11,141
7,11,165
7,11,169
7,11,173
266,131,297
266,131,387
266,131,417
225,160,65
58,33,73
58,33,137
58,33,193
157,299,131
391,137,34
222,168,35
222,168,67
222,168,97
495,186,40
495,186,56
426,1,0
9,63,63
375,38,11
33,161,203
324,3,13
324,3,133
324,3,137
324,3,139
324,3,169
324,3,265
324,3,385
489,161,64
303,155,33
14,42,157
350,130,257
27,173,67
27,173,99
340,3,13
340,3,133
340,3,265
340,3,385
13,163,451
13,163,481
17,32,137
107,153,33
168,35,137
387,451,161
482,384,131
42,162,457
3,256,131
203,3,260
59,41,80
398,130,259
398,130,289
480,194,417
35,0,0
35,0,9
35,0,129
149,8,3
149,8,33
234,224,161
234,224,225
480,35,137
96,129,43
96,129,107
96,129,163
96,129,227
96,129,299
96,129,331
96,129,361
96,129,419
96,129,451
96,129,481
25,139,295
263,129,320
176,41,27
176,41,57
176,41,147
399,416,193
286,34,137
147,265,7
295,129,64
295,129,256
295,129,320
11,423,203
11,423,395
218,33,9
218,33,16
218,33,64
218,33,129
331,167,9
331,167,11
331,167,73
331,167,137
331,167,265
417,193,97
350,42,13
350,42,25
350,42,133
350,42,145
32,3,399
32,3,429
202,33,9
202,33,25
202,33,41
202,33,73
202,33,80
202,33,129
202,33,136
202,33,145
202,33,161
202,33,193
133,267,135
136,33,91
136,33,121
136,33,211
136,33,241
27,137,98
27,137,290
193,161,43
193,161,75
193,161,99
193,161,105
193,161,107
75,133,259
368,137,35
297,131,131
297,131,387
363,142,14
64,33,91
64,33,121
64,33,155
64,33,185
64,33,203
64,33,211
64,33,219
64,33,233
64,33,241
64,33,249
176,168,115
107,133,10
496,168,19
496,168,49
258,129,43
258,129,107
258,129,163
258,129,227
258,129,299
258,129,331
258,129,361
258,129,419
258,129,451
258,129,481
406,9,3
406,9,33
121,33,16
121,33,64
121,33,80
121,33,129
121,33,136
255,234,160
255,234,416
41,161,195
427,34,136
234,34,137
316,26,41
316,26,45
495,174,10
495,174,26
135,9,20
135,9,34
135,9,49
481,0,0
48,0,0
48,0,3
48,0,9
48,0,33
48,0,129
105,49,25
384,2,137
24,41,59
24,41,115
24,41,179
6,137,107
6,137,115
6,137,227
6,137,295
6,137,299
6,137,355
6,137,419
299,9,20
30,3,265
30,3,385
416,3,13
416,3,133
416,3,137
416,3,139
416,3,265
416,3,385
263,395,131
450,33,25
450,33,145
380,162,73
380,162,193
380,162,265
380,162,385
235,33,16
447,188,9
422,10,13
422,10,133
507,158,9
42,9,7
42,9,19
42,9,37
42,9,49
264,3,139
264,3,143
264,3,169
264,3,173
264,3,271
264,3,301
264,3,391
264,3,395
264,3,421
264,3,425
346,1,0
157,33,16
157,33,64
157,33,80
179,33,136
470,40,17
354,9,35
468,1,0
468,1,3
468,1,33
145,34,137
75,161,161
75,161,225
302,136,34
302,136,35
494,162,9
494,162,65
494,162,73
494,162,129
494,162,193
458,129,3
458,129,33
130,265,151
130,265,167
130,265,179
175,363,129
97,203,421
362,129,3
362,129,33
362,129,64
362,129,256
168,138,295
12,11,47
12,11,167
12,11,295
36,129,331
36,129,361
36,129,451
36,129,481
224,161,75
224,161,105
224,161,195
336,161,75
336,161,105
336,161,195
336,161,225
466,34,137
49,155,301
129,3,271
129,3,301
346,164,11
346,164,75
262,3,13
262,3,133
262,3,137
262,3,139
262,3,169
262,3,265
262,3,385
190,10,5
219,418,386
165,11,11
165,11,15
252,42,5
252,42,13
252,42,133
448,33,25
448,33,73
448,33,145
448,33,193
251,40,16
324,162,457
33,43,157
90,44,27
123,172,26
123,172,74
123,172,138
507,186,40
507,186,44
15,141,35
15,141,99
142,0,0
488,160,67
488,160,97
4,33,219
4,33,249
47,141,3
235,1,0
454,129,3
454,129,33
173,67,160
94,168,67
94,168,97
267,2,129
37,8,3
37,8,33
259,2,137
249,178,296
175,158,42
13,15,15
166,73,161
3,9,61
3,9,181
178,33,73
178,33,137
178,33,193
139,295,137
139,295,138
139,295,139
73,47,31
177,121,41
106,33,25
106,33,137
106,33,145
45,137,98
45,137,290
490,128,3
490,128,33
25,61,43
25,61,59
300,129,67
300,129,97
186,104,161
186,104,177
7,10,13
7,10,133
233,51,9
164,0,0
164,0,3
164,0,9
164,0,33
164,0,129
171,35,136
447,182,42
195,425,19
195,425,51
124,1,0
427,202,164
227,481,129
227,481,193
293,0,0
90,0,0
57,185,97
57,185,99
225,99,137
225,99,141
294,9,20
355,13,11
203,421,3
203,421,67
193,43,31
193,43,61
421,107,145
99,129,320
303,11,4
37,91,169
37,91,173
155,0,0
243,161,64
131,43,61
84,9,7
84,9,19
84,9,35
84,9,37
84,9,43
84,9,49
84,9,163
259,143,47
259,143,271
418,194,417
97,243,425
372,34,137
397,416,195
153,35,136
153,35,140
153,35,392
338,33,25
338,33,137
338,33,145
210,416,195
190,42,9
190,42,13
190,42,25
190,42,129
190,42,133
190,42,137
190,42,145
139,33,80
1,0,0
1,0,3
1,0,9
1,0,33
1,0,129
161,203,421
147,264,3
385,387,387
171,510,170
394,7,11
137,290,131
380,40,17
91,167,265
167,74,168
421,137,34
356,1,9
356,1,129
322,0,0
322,0,9
322,0,129
33,211,425
15,39,137
15,39,201
19,32,137
332,168,115
241,33,9
241,33,16
241,33,64
241,33,80
241,33,136
289,192,161
136,34,137
14,7,139
14,7,267
170,257,131
193,160,67
193,160,97
502,170,9
502,170,129
502,170,137
502,170,138
502,170,168
427,219,33
75,132,3
297,130,257
249,249,33
250,162,265
250,162,385
202,1,3
202,1,33
190,128,35
88,168,115
168,0,0
168,0,3
168,0,9
168,0,33
168,0,129
187,426,386
174,26,41
174,26,45
176,97,169
176,97,225
150,3,265
150,3,385
147,40,17
429,56,25
173,51,9
256,0,0
256,0,3
256,0,9
256,0,33
256,0,129
153,63,43
376,176,41
376,176,105
267,3,133
267,3,136
267,3,260
55,416,195
187,232,224
386,131,267
386,131,297
386,131,417
135,8,33
172,19,41
105,48,9
384,3,139
384,3,143
384,3,169
384,3,173
384,3,271
384,3,301
384,3,391
384,3,395
384,3,421
384,3,425
30,0,0
43,151,265
161,64,33
161,64,129
161,64,161
427,418,194
218,2,137
474,168,19
474,168,35
474,168,49
399,166,74
398,32,137
19,173,91
19,173,107
131,423,203
131,423,395
148,11,15
148,11,45
148,11,135
148,11,165
8,9,63
8,9,183
398,10,7
398,10,37
19,395,391
75,160,65
41,80,161
425,129,34
202,37,11
352,131,393
73,161,99
73,161,163
73,161,195
73,161,225
73,161,227
224,162,457
392,2,9
392,2,129
248,40,19
248,40,49
25,32,9
25,32,129
115,169,80
340,35,137
34,129,331
34,129,361
34,129,451
34,129,481
182,9,3
182,9,4
182,9,16
182,9,33
44,42,157
262,0,0
262,0,3
262,0,9
262,0,33
262,0,129
161,243,233
161,243,425
385,459,167
57,51,137
57,51,393
43,0,0
43,0,129
289,128,3
289,128,33
242,160,73
242,160,193
104,129,35
104,129,67
104,129,97
104,129,163
104,129,259
104,129,289
33,155,301
33,155,303
15,31,41
193,131,457
427,399,3
203,164,42
131,387,387
167,449,35
425,226,224
165,2,9
28,9,7
28,9,19
28,9,35
28,9,37
28,9,43
28,9,49
28,9,163
194,289,139
194,289,147
303,129,64
142,1,3
142,1,33
145,227,481
508,170,3
508,170,33
508,170,35
508,170,42
508,170,162
51,201,161
131,161,105
189,107,129
155,39,9
363,184,56
330,3,13
330,3,133
61,145,35
192,32,137
212,35,137
225,201,35
225,201,39
492,138,7
492,138,35
492,138,37
40,3,143
40,3,271
40,3,391
40,3,395
40,3,421
244,1,0
173,123,41
173,123,161
210,0,0
266,0,0
266,0,3
266,0,9
266,0,33
266,0,129
162,65,161
162,65,169
470,160,65
105,153,35
105,153,39
265,169,115
391,395,3
391,395,7
391,395,35
391,395,131
391,395,259
423,136,34
90,1,3
90,1,33
336,129,35
336,129,43
336,129,67
336,129,97
336,129,163
336,129,259
336,129,289
9,61,59
56,0,0
56,0,3
56,0,9
56,0,33
56,0,129
318,128,35
364,3,9
364,3,129
144,33,91
144,33,121
144,33,139
144,33,155
144,33,169
144,33,185
144,33,203
144,33,211
144,33,233
144,33,241
99,128,9
99,128,129
506,130,137
155,3,260
395,419,193
179,137,34
145,489,227
37,43,157
211,137,34
35,217,169
476,1,0
153,34,9
153,34,129
235,426,134
180,73,161
200,161,99
419,385,130
183,424,194
67,32,137
451,425,19
157,47,11
5,139,295
225,241,41
123,1,0
436,9,3
436,9,33
288,0,0
288,0,3
288,0,9
288,0,33
288,0,129
507,174,10
507,174,14
270,3,9
270,3,13
270,3,41
270,3,129
270,3,131
270,3,133
270,3,136
270,3,137
270,3,161
270,3,260
270,3,265
270,3,385
298,162,457
136,35,143
136,35,155
136,35,157
136,35,173
136,35,185
136,35,203
136,35,233
136,35,395
136,35,425
136,35,457
392,35,137
392,35,152
392,35,200
189,34,136
500,168,19
500,168,49
500,168,67
500,168,97
41,123,173
41,123,185
297,129,34
297,129,67
297,129,320
329,129,34
329,129,35
329,129,320
251,188,42
150,0,0
174,138,259
174,138,289
510,34,136
385,34,137
3,399,399
187,122,168
135,11,41
135,11,45
496,33,9
496,33,129
186,33,9
186,33,129
262,138,295
417,211,41
477,200,161
30,1,9
30,1,129
162,137,35
171,477,35
366,8,35
346,129,3
346,129,33
67,173,59
67,173,91
80,32,137
233,3,260
133,75,165
428,138,35
267,137,38
267,137,50
193,97,177
191,426,194
191,426,386
32,33,219
32,33,249
165,203,289
165,203,291
122,168,19
122,168,49
122,168,67
122,168,97
364,162,73
364,162,193
145,32,9
145,32,129
254,136,34
98,0,0
98,0,9
98,0,129
246,136,3
246,136,33
246,136,34
255,426,130
255,426,386
193,299,151
73,160,67
73,160,97
164,73,163
164,73,177
128,0,0
128,0,3
128,0,9
128,0,33
128,0,129
73,49,57
187,41,16
49,8,3
49,8,33
163,0,0
163,0,9
115,168,138
115,168,168
414,34,9
414,34,129
414,34,136
219,134,265
191,10,4
