267,39,137
267,39,153
161,99,141
161,99,153
161,99,201
161,99,393
9,183,363
67,137,38
67,137,50
33,41,155
147,33,73
147,33,80
147,33,136
41,57,57
9,0,0
9,0,3
9,0,9
9,0,33
9,0,129
73,35,140
73,35,392
41,80,161
129,139,295
99,393,131
160,3,143
160,3,271
160,3,301
160,3,391
160,3,395
489,179,9
15,143,259
15,143,291
129,161,107
203,167,265
168,67,165
168,67,417
385,451,163
385,451,419
25,49,105
49,139,271
49,139,391
57,59,13
57,59,141
47,143,259
105,179,265
105,179,393
49,155,301
301,59,25
131,161,105
203,289,130
417,137,38
417,137,50
271,137,34
256,9,63
256,9,183
41,179,361
225,225,97
225,225,161
225,225,193
225,225,225
145,419,451
135,259,385
138,37,27
138,37,75
393,291,131
181,193,35
419,129,64
419,129,256
419,129,320
3,11,173
249,33,0
249,33,16
249,33,64
130,137,115
130,137,295
233,33,16
233,33,64
233,33,80
385,130,259
385,130,289
167,3,136
243,425,3
9,161,227
391,289,137
451,129,33
451,129,34
451,129,64
451,129,256
451,129,320
289,145,105
41,43,151
225,137,38
225,137,50
133,0,0
133,0,3
133,0,33
107,141,3
35,152,41
256,0,0
256,0,3
256,0,9
256,0,33
256,0,129
80,137,295
151,43,9
203,419,385
395,0,0
155,33,16
155,33,64
155,33,80
425,211,33
425,211,289
181,123,41
3,129,361
3,129,481
151,265,130
233,49,40
129,299,151
129,299,159
167,137,34
145,11,157
17,43,157
271,159,41
183,9,0
183,9,4
183,9,16
41,189,59
41,189,107
11,303,143
11,303,155
37,137,98
37,137,290
38,9,7
38,9,11
38,9,19
38,9,20
38,9,34
38,9,37
38,9,41
38,9,49
38,9,131
38,9,139
38,9,161
38,9,169
259,131,169
259,131,297
259,131,393
259,131,417
259,131,425
133,299,151
133,299,155
129,363,183
393,39,11
25,179,361
291,131,392
291,131,393
165,107,145
165,107,153
47,11,260
91,37,10
10,5,43
10,5,139
161,139,271
105,129,34
105,129,259
105,129,320
159,41,16
38,0,0
38,0,9
38,0,129
259,136,35
161,0,0
161,0,3
161,0,9
289,203,167
289,203,421
3,143,271
3,143,303
259,385,195
265,34,137
195,289,145
291,136,3
291,136,33
301,137,34
9,37,91
91,173,3
91,173,11
91,173,19
91,173,35
91,173,67
35,143,271
241,489,131
3,429,219
45,51,137
45,51,201
35,457,163
193,34,137
138,168,115
489,33,16
399,3,0
399,3,4
399,3,256
97,241,169
97,241,233
99,136,3
99,136,33
265,43,151
265,43,181
140,11,39
201,51,41
59,189,11
59,189,41
47,25,40
153,33,80
45,19,265
233,243,41
233,243,161
161,161,75
429,139,3
257,3,143
257,3,173
121,19,137
49,161,115
152,41,51
169,50,9
27,45,11
27,45,19
27,45,25
27,45,27
161,201,39
161,201,51
161,201,99
161,201,291
41,153,39
41,153,51
41,153,99
41,153,291
19,395,391
49,73,165
13,35,152
13,35,200
20,43,157
138,257,131
138,257,163
161,43,31
481,203,37
395,259,130
419,393,3
20,3,395
20,3,425
153,51,41
301,155,33
301,155,35
301,155,37
301,155,41
301,155,289
107,129,64
107,129,256
107,129,320
393,0,0
152,0,0
152,0,3
152,0,33
135,11,41
135,11,45
457,35,136
331,131,260
189,33,64
355,265,131
51,0,0
19,43,157
301,3,4
301,3,129
301,3,136
301,3,256
301,3,260
201,183,43
168,115,169
41,139,391
299,9,20
135,331,161
49,123,173
137,167,331
19,265,135
137,419,451
73,139,295
259,423,203
233,0,0
51,9,20
189,3,256
297,137,38
297,137,50
19,161,115
155,289,130
135,10,5
33,11,143
75,39,137
75,39,141
385,195,417
393,131,290
393,131,291
131,395,391
35,200,161
27,9,20
27,9,34
27,9,37
193,289,147
417,67,133
201,161,98
201,161,99
168,97,177
168,97,225
42,13,15
42,13,27
43,137,34
43,137,38
43,137,50
43,137,98
43,137,290
265,151,43
265,151,299
181,11,260
13,139,295
63,43,129
233,97,160
73,181,43
73,181,107
80,33,91
80,33,121
80,33,139
80,33,155
80,33,169
80,33,185
80,33,203
80,33,211
80,33,233
80,33,241
227,489,131
227,489,161
121,161,320
160,137,115
160,137,295
217,259,131
457,167,11
7,271,139
7,271,143
173,35,136
138,7,15
138,7,267
451,385,130
162,129,67
162,129,97
162,129,259
162,129,289
55,3,13
55,3,133
131,425,211
64,9,63
64,9,183
75,173,19
75,173,51
43,31,13
227,385,130
289,243,233
271,7,10
165,91,41
133,34,137
481,193,160
135,393,35
135,393,99
11,135,267
179,33,136
165,331,131
259,43,157
151,9,4
151,9,16
151,9,20
151,9,33
151,9,34
161,243,233
161,243,425
105,177,41
105,177,73
105,177,97
105,177,105
141,51,41
64,0,0
64,0,3
64,0,9
64,0,33
64,0,129
161,80,41
203,0,0
43,20,9
11,47,31
73,167,331
73,167,395
259,387,387
133,43,31
133,43,61
121,179,265
129,259,391
185,33,16
185,33,64
185,33,80
397,49,41
131,169,121
423,395,3
99,153,41
179,201,33
40,129,227
40,129,331
40,129,419
40,129,451
40,129,481
45,91,161
161,105,177
129,0,0
129,0,3
129,0,9
129,0,33
129,0,129
40,16,41
97,193,417
145,34,137
193,227,425
193,227,481
49,233,227
49,233,241
16,41,123
16,41,159
16,41,189
16,41,243
201,99,161
419,459,131
419,459,161
130,33,91
130,33,121
130,33,185
130,33,233
130,33,241
59,141,3
99,201,161
417,130,257
49,0,0
49,0,9
49,0,129
7,11,45
7,11,141
7,11,165
7,11,169
7,11,173
131,299,151
203,161,320
25,47,31
25,47,143
7,395,391
7,395,419
265,179,233
265,179,361
161,98,137
57,49,73
3,173,91
3,173,123
47,129,320
67,136,35
143,39,9
115,33,136
168,138,295
7,169,121
7,169,241
75,161,161
75,161,225
121,189,11
123,161,64
361,161,80
34,9,31
34,9,61
34,9,151
34,9,181
73,34,137
271,131,320
57,121,161
49,57,57
13,19,297
163,331,133
421,227,193
483,483,129
138,138,295
303,131,256
161,123,173
161,123,185
7,13,27
115,185,41
265,147,297
391,299,145
361,25,35
19,425,211
19,425,227
131,163,361
11,163,481
168,49,57
168,49,105
73,43,151
73,43,181
161,131,267
25,57,57
27,301,131
303,136,34
33,73,181
265,167,203
265,167,331
145,107,173
145,107,181
15,31,41
152,35,137
152,35,140
152,35,392
9,49,121
10,129,227
10,129,361
10,129,419
10,129,451
10,129,481
35,155,301
385,419,203
385,419,451
49,43,157
395,3,4
395,3,256
395,3,260
419,137,34
211,299,133
195,421,11
203,37,10
131,256,3
131,256,129
131,256,131
425,99,129
9,169,115
241,227,385
289,169,91
289,169,211
173,9,34
19,0,0
19,0,9
19,0,129
189,11,4
225,129,34
225,129,259
225,129,320
451,163,9
47,13,10
331,143,7
91,47,13
99,429,139
80,129,299
80,129,419
355,9,3
355,9,7
355,9,19
355,9,33
355,9,34
355,9,35
355,9,37
355,9,49
193,489,179
37,136,35
331,423,131
259,130,265
259,130,385
25,11,157
33,91,173
177,97,193
3,137,115
3,137,295
201,0,0
147,393,35
147,393,291
241,169,3
41,20,11
167,129,320
9,35,157
9,35,457
35,137,38
35,137,50
35,137,98
35,137,290
425,179,73
173,107,145
11,295,139
39,141,11
259,139,301
259,139,421
151,425,67
121,0,0
9,59,61
9,59,189
4,0,0
4,0,3
4,0,9
4,0,33
4,0,129
423,131,256
16,3,399
16,3,429
143,0,0
169,80,33
67,423,395
153,363,163
295,143,11
133,139,295
45,25,49
10,13,31
10,13,47
10,13,59
105,137,38
105,137,50
395,391,3
395,391,259
289,195,417
297,3,133
297,3,136
297,3,260
143,9,34
3,260,139
64,161,123
64,161,243
64,161,459
64,161,489
7,131,295
177,9,7
177,9,20
177,9,34
130,129,107
130,129,299
130,129,331
130,129,361
130,129,481
227,233,49
13,41,157
217,3,9
217,3,13
217,3,129
217,3,133
217,3,136
217,3,137
217,3,265
217,3,385
143,303,11
143,303,131
37,163,457
421,137,34
260,9,59
260,9,179
63,9,0
63,9,4
63,9,16
195,385,259
162,385,195
162,385,387
320,163,457
140,3,11
140,3,13
140,3,41
140,3,43
140,3,131
140,3,133
140,3,136
140,3,161
140,3,163
140,3,260
140,3,265
140,3,385
233,227,385
457,129,34
227,129,64
227,129,256
227,129,320
59,41,80
161,200,35
55,33,25
55,33,145
41,152,35
153,41,50
153,41,51
45,11,131
45,11,135
13,34,137
185,51,9
97,145,297
43,61,25
11,20,41
50,41,153
51,141,11
219,169,33
39,9,20
5,137,107
5,137,115
5,137,227
5,137,355
481,163,9
211,489,161
27,37,73
391,139,33
3,163,457
91,0,0
42,17,41
42,17,169
137,227,481
67,43,157
129,41,59
167,395,259
63,63,9
145,169,115
61,145,35
169,35,136
169,35,140
169,35,152
169,35,200
169,35,392
27,141,35
27,141,291
33,233,241
33,233,243
457,179,41
5,3,395
5,3,425
17,0,0
17,0,3
17,0,9
17,0,33
17,0,129
421,11,20
419,203,37
130,289,155
130,289,203
130,289,211
65,169,115
10,33,121
10,33,185
10,33,211
10,33,233
10,33,241
160,67,173
160,67,421
160,67,425
161,75,165
168,3,13
168,3,133
168,3,265
168,3,385
97,163,457
295,0,0
387,291,137
387,291,153
67,161,105
67,161,169
67,161,201
67,161,225
67,161,233
395,419,193
75,33,80
75,33,136
75,33,145
159,299,129
41,243,233
41,243,425
7,425,211
143,259,130
37,123,185
331,35,136
73,179,361
73,179,425
35,203,421
13,167,331
225,201,35
225,201,39
135,299,145
135,299,153
141,0,0
147,297,19
147,297,131
147,297,145
147,297,147
131,419,451
57,61,11
163,451,385
35,41,153
391,459,161
42,157,43
425,19,40
61,0,0
392,3,11
392,3,13
392,3,41
392,3,43
392,3,131
392,3,133
392,3,136
392,3,161
392,3,163
392,3,260
392,3,265
392,3,385
3,395,391
3,395,423
43,129,320
19,173,91
19,173,107
265,159,47
177,105,49
177,105,145
177,105,161
177,105,177
165,201,35
165,201,99
385,163,331
385,163,361
295,129,64
295,129,256
295,129,320
267,131,161
267,131,417
73,189,59
61,25,40
9,19,301
137,38,11
41,131,387
160,129,107
160,129,299
160,129,331
160,129,361
160,129,451
15,13,19
75,165,11
75,165,67
75,165,73
75,165,75
299,131,260
193,419,395
193,419,451
201,291,131
57,9,7
57,9,20
57,9,34
227,393,3
157,3,4
157,3,256
157,3,260
289,139,271
289,139,391
399,399,3
165,67,385
169,0,0
169,0,3
243,9,4
9,20,43
137,47,31
15,10,5
37,25,57
167,331,129
167,331,133
320,3,143
320,3,173
105,185,49
105,185,51
397,129,259
397,129,289
25,37,75
227,33,136
157,107,161
67,160,73
67,160,193
290,131,393
55,385,131
40,17,43
40,17,169
131,295,139
297,51,137
297,51,153
11,45,27
11,39,141
11,39,153
11,39,201
11,39,393
107,9,20
162,457,163
259,395,167
259,395,391
98,161,201
61,43,129
161,227,481
19,41,57
19,41,153
19,41,169
19,41,177
19,41,185
135,271,11
137,115,169
40,137,115
40,137,295
259,169,121
259,169,241
233,179,265
31,0,0
185,107,133
165,73,49
9,181,107
67,139,301
67,139,421
16,33,91
16,33,121
16,33,155
16,33,185
16,33,203
16,33,211
16,33,219
16,33,233
16,33,241
16,33,249
137,50,41
147,35,140
147,35,392
417,193,97
155,35,136
11,173,91
37,11,15
37,11,135
37,11,139
37,11,141
37,11,143
45,59,25
45,59,153
15,137,98
15,137,290
0,9,63
0,9,183
185,3,260
3,4,11
423,9,16
49,137,98
49,137,290
31,9,4
31,9,16
31,9,20
31,9,33
31,9,34
105,161,131
105,161,195
163,129,320
57,57,25
57,57,41
57,57,49
57,57,57
395,131,320
47,137,34
143,47,25
39,399,139
147,40,17
129,11,47
139,290,129
123,185,33
33,145,361
271,139,33
41,177,105
138,35,137
13,11,39
13,11,135
13,11,163
13,11,165
13,11,167
0,0,0
0,0,3
0,0,9
0,0,33
0,0,129
419,131,260
3,13,31
203,35,136
139,0,0
139,0,33
161,115,169
169,211,289
25,169,115
9,167,331
9,167,459
271,37,137
451,131,260
457,227,161
41,41,147
13,179,361
421,3,4
421,3,9
421,3,136
421,3,256
421,3,260
147,291,137
147,291,393
73,163,451
73,163,481
355,3,265
355,3,385
459,33,16
15,141,35
15,141,99
391,395,3
391,395,7
391,395,35
391,395,131
391,395,259
3,131,425
385,387,387
147,9,20
147,9,34
147,9,37
47,159,11
47,159,41
65,161,107
65,161,203
65,161,227
65,161,233
168,65,161
168,65,163
163,457,35
163,457,162
163,457,163
10,137,115
10,137,295
361,155,37
241,0,0
59,25,40
179,425,67
159,34,136
259,133,75
7,15,15
136,3,271
136,3,301
136,3,391
136,3,421
361,179,9
361,179,41
361,179,73
361,179,137
361,179,265
3,136,35
451,265,35
133,67,417
361,243,161
256,33,219
256,33,249
385,259,135
387,35,152
387,35,200
9,34,137
67,417,195
35,136,3
35,136,33
35,136,34
35,136,35
61,185,97
45,31,11
10,3,173
10,3,301
10,3,391
10,3,421
10,3,425
160,33,91
160,33,121
160,33,155
160,33,203
160,33,211
417,3,13
417,3,136
417,3,260
168,33,25
168,33,73
168,33,145
168,33,193
67,169,121
67,169,241
225,33,25
225,33,80
225,33,136
133,419,451
195,291,137
195,291,141
141,291,131
143,3,4
143,3,256
143,3,260
241,161,320
9,43,151
9,43,181
173,99,129
13,47,31
13,47,155
162,193,225
162,193,417
181,35,136
37,185,121
131,489,179
131,489,227
260,3,139
260,3,143
260,3,169
260,3,173
260,3,271
260,3,301
260,3,391
260,3,395
260,3,421
260,3,425
20,41,155
20,41,185
107,173,19
50,137,35
50,137,98
50,137,290
297,147,41
297,147,265
297,147,289
297,147,297
291,0,0
55,43,137
153,39,11
3,301,155
33,163,457
233,241,33
233,241,97
395,291,129
185,41,20
167,73,160
387,137,38
387,137,50
151,303,11
211,0,0
37,73,177
27,47,13
27,47,141
16,129,363
16,129,483
291,9,20
291,9,35
41,159,47
41,159,299
45,10,5
98,0,0
98,0,9
98,0,129
395,39,9
43,9,20
145,361,163
145,361,179
75,421,131
45,155,289
45,155,291
195,393,35
195,393,39
161,41,27
129,64,161
19,169,121
19,169,241
137,0,0
137,0,3
137,0,33
193,163,331
193,163,361
15,35,152
15,35,200
201,35,136
201,35,140
201,35,392
419,395,7
227,137,34
451,423,11
13,15,15
45,3,136
45,3,260
45,3,385
195,481,161
163,200,33
11,43,181
57,0,0
185,59,13
97,169,91
97,169,211
211,161,320
425,129,34
41,51,141
41,51,153
41,51,201
41,51,393
457,33,16
457,33,64
457,33,80
331,133,10
99,161,200
99,161,201
11,157,43
3,9,61
3,9,181
19,45,27
27,61,41
320,33,155
320,33,185
391,131,320
35,173,91
131,11,45
42,25,45
42,25,57
43,157,35
43,157,42
43,157,43
49,121,169
49,121,185
417,129,34
417,129,67
417,129,320
91,137,34
129,33,91
129,33,121
295,3,136
355,163,137
489,3,4
259,425,211
320,137,55
20,137,355
105,51,137
105,51,141
129,34,137
299,159,11
299,159,41
137,131,291
67,395,391
139,35,136
139,35,140
139,35,152
139,35,200
139,35,392
19,163,457
42,0,0
42,0,3
42,0,9
42,0,33
42,0,129
129,451,419
153,3,137
153,3,260
155,291,129
301,139,3
267,7,13
17,137,295
17,137,299
17,137,355
17,137,419
181,0,0
9,151,299
7,139,301
7,139,421
33,9,31
33,9,151
161,64,33
161,64,129
161,64,161
11,139,421
145,43,31
145,43,61
75,129,34
75,129,289
75,129,320
20,11,143
20,11,173
141,63,43
387,387,131
387,387,259
387,387,385
387,387,387
31,47,9
31,47,11
31,47,13
31,47,25
31,47,137
181,9,3
181,9,4
181,9,16
181,9,20
181,9,34
385,169,115
267,141,35
267,141,51
131,320,161
80,35,397
15,7,265
225,193,289
299,141,3
27,0,0
135,291,137
135,291,201
138,5,11
138,5,43
37,75,165
20,33,203
20,33,233
355,73,161
211,259,137
289,0,0
289,0,9
289,0,129
42,133,75
42,133,267
139,295,137
139,295,138
139,295,139
393,34,9
393,34,129
157,9,34
267,130,257
451,161,80
51,393,131
135,395,259
135,395,291
141,363,163
80,169,115
151,11,260
131,297,147
147,265,7
425,243,41
425,243,161
265,135,267
297,211,161
49,203,421
290,137,35
290,137,38
290,137,50
173,33,80
3,161,233
73,165,75
133,41,157
225,99,137
225,99,141
151,0,0
173,19,40
13,31,43
13,31,47
177,121,41
37,233,241
259,163,457
267,35,152
267,35,200
3,43,157
35,392,131
115,173,11
9,179,361
9,179,489
193,225,225
11,38,137
67,133,267
267,137,38
267,137,50
289,131,139
289,131,267
289,131,387
289,131,393
289,131,395
165,75,37
165,75,133
165,75,161
165,75,165
185,9,34
395,129,34
61,155,289
211,425,3
211,425,19
211,425,35
211,425,67
211,425,131
11,260,131
195,35,140
195,35,392
141,35,136
141,35,152
141,35,200
25,45,27
289,43,157
168,0,0
168,0,3
168,0,9
168,0,33
168,0,129
131,303,143
131,303,155
143,33,80
107,185,49
61,35,136
115,169,80
397,33,9
397,33,25
397,33,73
397,33,129
397,33,136
397,33,137
397,33,145
397,33,193
37,10,13
37,10,133
259,0,0
259,0,9
259,0,129
137,169,115
25,189,107
37,155,299
37,155,301
40,0,0
40,0,3
40,0,9
40,0,33
40,0,129
33,155,301
33,155,303
25,167,331
179,0,0
135,265,19
135,3,136
135,3,260
135,3,265
481,227,129
481,227,137
481,227,161
481,227,193
481,227,385
429,3,0
429,3,4
429,3,256
105,160,65
55,129,3
55,129,33
55,129,34
55,129,35
55,129,67
55,129,97
55,129,259
55,129,289
123,41,16
13,10,7
13,10,37
257,35,155
257,35,157
257,35,185
257,35,217
99,0,0
265,163,451
265,163,481
139,3,260
17,41,59
17,41,155
17,41,179
17,41,185
331,161,80
267,167,73
267,167,201
361,0,0
179,9,4
179,9,16
179,9,20
145,105,177
301,49,137
195,137,38
195,137,50
361,145,40
35,157,43
256,3,143
256,3,173
256,3,271
256,3,301
256,3,391
256,3,395
256,3,399
256,3,421
256,3,425
256,3,429
257,139,295
41,185,121
49,41,27
49,41,139
49,41,147
49,41,153
49,41,155
39,153,41
25,0,0
25,0,3
25,0,33
99,9,20
99,9,35
161,163,331
33,64,161
260,0,0
260,0,3
260,0,9
260,0,33
260,0,129
115,137,34
131,459,167
131,459,419
211,137,34
130,3,173
130,3,271
130,3,301
130,3,421
130,3,425
425,33,80
91,33,16
91,33,64
91,33,80
91,33,129
91,33,136
295,155,41
107,161,80
97,139,271
97,139,391
200,33,11
200,33,25
200,33,41
200,33,43
200,33,73
200,33,80
200,33,131
200,33,136
200,33,145
200,33,161
200,33,163
200,33,193
457,3,4
457,3,256
457,3,260
3,139,301
3,139,421
129,3,271
129,3,301
303,9,16
129,289,211
421,459,131
7,143,271
7,143,299
361,131,260
133,459,419
363,163,129
131,0,0
131,0,9
131,0,33
3,425,211
3,425,243
10,0,0
10,0,3
10,0,9
10,0,33
10,0,129
147,361,161
355,129,64
355,129,256
163,361,145
51,41,152
51,41,153
289,185,121
291,141,11
59,185,97
137,11,39
67,425,179
67,425,211
167,265,130
331,0,0
115,9,4
115,9,16
115,9,20
162,162,457
51,129,35
51,129,320
217,169,35
59,13,10
165,137,98
165,137,290
385,227,233
385,227,481
4,9,31
4,9,47
4,9,59
4,9,61
4,9,63
4,9,151
4,9,167
4,9,179
4,9,181
4,9,183
387,131,41
387,131,297
99,141,11
393,99,161
143,11,20
27,41,161
27,41,177
160,193,227
160,193,419
160,193,481
129,256,131
173,91,33
173,91,37
395,33,80
181,43,9
257,0,0
257,0,3
257,0,9
257,0,33
257,0,129
260,11,47
260,11,167
33,121,185
135,35,152
135,35,200
233,129,34
201,483,163
193,169,115
417,203,37
417,203,39
75,141,35
75,141,39
3,271,143
297,155,37
297,155,39
7,303,155
177,0,0
43,181,73
19,143,271
45,9,19
45,9,20
45,9,34
301,159,11
185,49,40
157,43,20
289,211,169
289,211,425
39,11,140
39,11,141
97,0,0
97,0,9
97,0,129
260,129,107
260,129,227
481,161,80
201,3,137
201,3,260
162,9,7
162,9,19
162,9,37
162,9,49
201,34,9
201,34,129
27,39,137
27,39,393
59,61,9
59,61,25
217,19,41
225,35,140
225,35,392
481,73,35
11,15,15
39,0,0
169,33,80
98,137,35
98,137,38
98,137,50
162,0,0
162,0,3
162,0,9
162,0,33
162,0,129
299,153,33
301,0,0
145,297,147
179,233,97
37,203,419
37,203,421
39,219,169
155,301,3
155,301,19
97,161,75
97,161,139
97,161,195
97,161,201
97,161,203
211,169,33
11,4,3
11,4,9
11,4,11
67,163,457
75,35,140
75,35,392
123,136,34
355,13,11
203,129,34
155,299,133
193,107,181
397,289,131
39,129,35
39,129,320
91,167,265
267,151,41
73,177,105
147,0,0
97,43,157
320,129,43
320,129,107
320,129,163
320,129,227
320,129,299
320,129,331
320,129,361
320,129,419
320,129,451
320,129,481
123,129,256
33,249,249
397,3,4
397,3,256
457,163,320
459,131,256
299,151,9
299,151,265
137,139,295
49,25,45
147,299,133
147,299,141
39,201,161
419,385,130
301,131,320
67,0,0
67,0,9
67,0,129
57,185,97
57,185,99
35,43,157
131,139,301
147,137,98
147,137,290
129,163,331
129,163,361
137,35,140
137,35,152
137,35,200
137,35,392
11,131,417
145,35,140
145,35,392
129,361,179
295,203,161
153,99,161
185,97,160
179,265,130
387,395,7
387,395,39
57,35,140
57,35,392
385,161,457
65,35,143
65,35,157
65,35,173
65,35,397
393,33,80
393,33,137
267,133,67
34,136,35
145,139,295
271,0,0
145,163,331
145,163,361
33,139,271
33,139,391
15,15,7
15,15,11
15,15,13
15,15,15
75,167,265
75,167,393
99,129,320
299,133,10
451,395,7
181,233,97
130,259,143
130,259,391
130,259,395
25,34,137
64,3,399
64,3,429
429,219,33
193,417,195
160,97,185
160,97,233
160,97,241
425,3,4
425,3,256
425,3,260
51,249,169
289,137,38
289,137,50
59,137,34
225,97,145
107,137,34
37,91,169
37,91,173
3,256,131
241,97,160
80,161,107
80,161,227
211,419,385
160,9,31
160,9,47
160,9,59
160,9,61
160,9,151
25,43,151
25,43,181
35,395,391
290,129,11
290,129,34
290,129,41
290,129,67
290,129,97
290,129,131
290,129,139
290,129,161
290,129,169
290,129,259
290,129,289
290,129,320
19,303,143
40,19,173
40,19,301
40,19,425
3,169,121
3,169,241
289,130,265
289,130,385
155,0,0
241,137,34
80,9,47
80,9,167
61,41,80
7,173,91
121,185,33
121,185,35
121,185,41
121,185,49
121,185,97
123,173,3
35,233,241
37,0,0
37,0,9
37,0,129
243,129,256
361,129,3
361,129,34
361,129,64
361,129,256
361,129,320
160,0,0
160,0,3
160,0,9
160,0,33
160,0,129
141,34,9
141,34,129
299,0,0
185,123,41
185,123,161
133,163,331
133,163,361
167,9,4
167,9,16
167,9,20
11,41,177
289,155,47
289,155,301
131,43,61
80,0,0
80,0,3
80,0,9
80,0,33
80,0,129
481,233,49
9,4,11
155,37,10
177,73,37
38,137,35
38,137,98
38,137,290
147,289,193
107,189,11
107,189,41
189,41,16
423,11,4
481,0,0
31,11,260
40,35,157
40,35,457
297,35,152
297,35,200
65,163,457
161,489,179
161,489,227
169,121,49
61,59,9
61,59,13
61,59,25
61,59,41
61,59,137
7,163,457
392,131,291
91,169,33
177,233,97
177,233,99
145,0,0
145,0,3
145,0,33
121,169,3
138,33,25
138,33,73
138,33,145
138,33,193
39,137,34
39,137,98
39,137,290
37,131,295
195,417,67
195,417,131
195,417,193
195,417,195
203,33,16
203,33,64
203,33,80
97,233,179
97,233,241
65,0,0
65,0,3
65,0,9
65,0,33
65,0,129
459,161,64
217,67,161
130,9,31
130,9,47
130,9,59
130,9,61
130,9,181
169,98,129
157,299,131
55,193,161
391,137,34
40,25,47
40,25,59
40,25,61
49,40,25
49,40,145
489,161,64
162,265,135
162,265,147
49,185,107
49,185,121
50,9,7
50,9,11
50,9,19
50,9,20
50,9,34
50,9,37
50,9,41
50,9,49
50,9,131
50,9,139
50,9,161
50,9,169
129,97,241
3,133,331
481,131,260
7,0,0
7,0,9
7,0,129
145,97,225
130,0,0
130,0,3
130,0,9
130,0,33
130,0,129
41,16,9
41,16,33
41,16,41
33,161,203
151,299,129
151,299,131
151,299,133
151,299,137
151,299,145
257,131,299
257,131,395
257,131,419
257,131,425
41,161,195
392,0,0
392,0,3
392,0,33
13,59,61
13,59,185
259,135,267
50,0,0
50,0,9
50,0,129
179,489,131
179,489,161
27,173,67
27,173,99
387,129,34
387,129,97
387,129,320
5,35,203
5,35,217
5,35,233
5,35,457
165,35,152
165,35,200
13,163,451
13,163,481
451,0,0
301,179,73
160,35,157
160,35,457
107,153,33
256,129,107
256,129,227
256,129,299
256,129,331
256,129,361
256,129,363
256,129,419
256,129,451
256,129,481
256,129,483
168,35,137
115,233,161
387,451,161
181,73,160
4,3,143
4,3,173
4,3,271
4,3,301
4,3,391
4,3,395
4,3,399
4,3,421
4,3,425
4,3,429
167,393,3
233,161,320
203,421,3
203,421,67
9,41,179
203,3,260
41,147,297
35,0,0
35,0,9
35,0,129
143,291,129
457,419,131
9,139,295
297,0,0
227,193,160
265,47,31
33,219,429
3,265,151
297,145,97
27,40,17
25,35,140
25,35,392
129,419,451
129,419,459
241,41,20
42,42,157
47,153,33
168,17,41
168,17,43
425,51,9
11,423,203
11,423,395
387,385,67
331,167,9
331,167,11
331,167,73
331,167,137
331,167,265
107,145,40
27,33,80
27,33,136
27,33,193
35,161,201
20,0,0
20,0,3
20,0,9
20,0,33
20,0,129
41,157,43
15,271,131
91,189,41
37,169,91
37,169,211
385,67,165
133,267,135
136,33,91
136,33,121
136,33,211
136,33,241
45,153,35
45,153,99
393,3,260
157,42,42
157,42,162
49,136,35
41,123,173
41,123,185
421,0,0
27,137,98
27,137,290
121,137,34
297,129,34
297,129,67
297,129,320
417,195,161
417,195,289
417,195,385
417,195,417
201,33,80
75,133,259
297,131,131
297,131,387
173,59,25
419,201,33
31,173,67
385,43,31
385,43,61
133,227,481
64,33,91
64,33,121
64,33,155
64,33,185
64,33,203
64,33,211
64,33,219
64,33,233
64,33,241
64,33,249
10,37,91
10,37,155
10,37,203
141,99,161
121,33,16
121,33,64
121,33,80
121,33,129
121,33,136
157,35,136
271,47,25
243,41,16
260,137,115
11,159,47
11,159,299
233,3,260
241,67,137
161,457,163
5,0,0
5,0,3
5,0,9
5,0,33
5,0,129
320,35,157
193,299,151
141,11,38
141,11,39
397,97,161
459,419,129
243,233,33
267,0,0
43,152,33
40,49,121
40,49,185
40,49,233
97,160,73
97,160,193
135,9,20
135,9,34
135,9,49
139,391,259
98,129,11
98,129,34
98,129,41
98,129,67
98,129,97
98,129,131
98,129,139
98,129,161
98,129,169
98,129,259
98,129,289
98,129,320
61,11,260
59,9,4
59,9,16
59,9,20
105,49,25
397,9,7
397,9,37
39,393,131
5,9,59
5,9,179
299,145,40
55,9,4
55,9,16
193,161,43
193,161,75
193,161,99
193,161,105
193,161,107
99,249,169
391,11,20
291,399,139
97,185,59
97,185,121
42,145,105
42,145,297
11,165,75
107,0,0
291,201,161
129,169,115
153,291,131
11,141,39
11,141,51
11,141,99
11,141,291
179,73,160
145,41,27
145,41,43
145,41,51
145,41,57
145,41,59
55,145,41
457,162,42
457,162,162
19,301,139
19,301,155
27,13,7
177,35,140
177,35,392
161,233,241
42,9,7
42,9,19
42,9,37
42,9,49
11,0,0
11,0,33
11,0,129
391,0,0
49,105,177
31,41,80
289,163,457
57,25,37
138,289,147
138,289,195
267,143,7
267,143,39
33,0,0
33,0,3
33,0,9
33,0,33
33,0,129
161,459,167
161,459,419
289,233,241
31,133,35
137,34,9
137,34,129
137,34,136
137,34,137
105,35,140
105,35,392
33,241,233
162,42,157
163,392,3
41,155,301
299,143,7
137,179,361
138,3,13
138,3,133
138,3,265
138,3,385
20,35,457
421,203,33
421,203,35
421,203,37
421,203,161
421,203,289
137,290,131
3,41,185
97,203,421
33,25,61
34,137,47
34,137,59
34,137,107
34,137,115
34,137,167
34,137,179
34,137,227
34,137,295
34,137,299
34,137,419
271,3,4
271,3,129
271,3,136
271,3,256
271,3,260
147,425,67
147,425,99
331,163,129
9,16,41
51,429,139
105,181,11
219,429,3
130,256,131
107,133,10
19,297,147
131,291,141
131,291,153
131,291,201
131,291,393
157,0,0
289,136,35
41,50,137
259,391,139
259,391,395
33,131,395
419,0,0
183,43,9
9,131,419
200,0,0
200,0,3
200,0,33
33,43,157
137,161,99
59,129,320
155,47,13
11,169,241
419,9,20
249,169,3
195,161,41
195,161,105
141,33,80
141,33,137
417,99,137
417,99,153
3,0,0
3,0,3
3,0,9
3,0,33
3,0,129
425,227,193
299,3,136
31,13,10
181,107,129
181,107,133
181,107,137
181,107,145
181,107,161
385,139,295
4,33,219
4,33,249
41,163,451
143,35,136
9,11,167
161,320,131
271,143,3
271,143,7
271,143,11
271,143,35
271,143,259
15,39,137
15,39,201
459,167,9
225,227,385
225,227,393
173,3,4
173,3,256
173,3,260
167,203,289
185,0,0
131,393,39
131,393,51
131,393,99
131,393,291
260,35,217
151,385,35
211,289,130
303,143,3
135,137,98
135,137,290
41,11,135
9,163,451
9,163,481
297,153,35
297,153,51
289,147,297
297,179,73
297,179,201
33,169,91
33,169,211
11,167,331
105,0,0
241,107,133
162,73,165
162,73,177
73,47,31
259,11,295
151,41,80
105,145,289
107,181,9
107,181,73
0,3,399
0,3,429
129,320,163
25,61,43
25,61,59
265,161,457
331,13,35
145,289,195
40,9,31
40,9,151
40,9,167
40,9,179
40,9,181
7,10,13
7,10,133
233,51,9
133,11,15
133,11,39
133,11,43
133,11,45
133,11,47
47,0,0
241,33,9
241,33,16
241,33,64
241,33,80
241,33,136
363,183,9
257,137,55
257,137,59
257,137,115
257,137,179
395,7,10
417,451,131
37,139,271
37,139,391
38,11,141
459,34,136
195,425,19
195,425,51
131,260,11
97,225,225
265,59,61
177,137,98
177,137,290
9,3,391
9,3,421
16,9,31
16,9,47
16,9,59
16,9,61
16,9,63
16,9,151
16,9,167
16,9,179
16,9,181
16,9,183
291,129,320
59,173,67
481,243,41
47,9,4
47,9,16
47,9,20
13,169,115
179,129,320
115,425,131
45,35,152
45,35,200
10,7,143
10,7,271
10,7,395
177,107,133
177,107,141
159,47,9
162,257,131
162,257,139
399,139,33
97,137,38
97,137,50
139,301,19
200,35,137
200,35,140
200,35,392
421,107,145
130,265,151
130,265,167
130,265,179
303,11,4
16,0,0
16,0,3
16,0,9
16,0,33
16,0,129
143,7,10
19,13,15
7,137,98
7,137,290
161,11,15
33,185,121
33,185,123
41,169,211
417,0,0
421,131,320
259,143,47
259,143,271
481,35,136
139,33,80
203,39,9
33,80,169
75,0,0
97,243,425
33,193,481
129,227,481
129,227,489
131,131,297
5,43,157
47,31,9
47,31,13
168,168,115
295,139,260
153,35,136
153,35,140
153,35,392
10,9,61
10,9,151
10,9,167
10,9,179
10,9,181
17,169,115
97,155,301
49,163,457
42,129,67
42,129,97
42,129,259
42,129,289
4,11,159
4,11,189
4,11,303
4,11,423
140,0,0
140,0,3
140,0,33
163,481,193
301,19,40
161,203,421
19,136,35
59,33,136
387,419,193
387,419,201
395,35,136
217,7,11
143,299,145
10,133,107
10,133,299
10,133,331
138,259,135
138,259,387
139,38,9
51,136,3
51,136,33
155,9,34
425,67,160
297,130,257
33,211,425
417,201,35
417,201,51
42,5,11
42,5,139
41,115,169
4,129,363
4,129,483
225,161,11
225,161,75
145,299,143
145,299,151
451,419,129
451,419,131
451,419,137
451,419,193
451,419,385
419,193,160
203,291,129
249,249,33
137,299,151
130,385,227
130,385,419
130,385,451
160,73,167
160,73,179
160,73,181
159,3,256
136,34,137
331,129,33
331,129,34
331,129,64
331,129,256
331,129,320
260,131,299
260,131,419
193,160,67
193,160,97
55,133,11
165,10,5
387,0,0
387,130,257
295,395,131
363,129,0
363,129,64
363,129,256
3,391,395
31,143,259
45,0,0
160,64,161
7,267,135
167,201,33
393,35,136
393,35,152
393,35,200
299,155,37
139,271,7
47,141,3
385,35,152
385,35,200
243,161,64
153,63,43
227,0,0
155,303,11
155,303,131
361,35,136
267,3,133
267,3,136
267,3,260
291,393,131
423,203,33
121,41,20
67,165,75
395,423,11
395,423,131
195,129,34
195,129,289
195,129,320
17,35,395
17,35,397
17,35,425
17,35,457
31,303,131
227,201,33
57,40,17
64,129,107
64,129,227
64,129,299
64,129,331
64,129,361
64,129,363
64,129,419
64,129,451
64,129,481
64,129,483
185,99,129
177,41,11
177,41,27
141,3,260
43,151,265
153,0,0
227,9,20
42,137,35
31,35,136
289,11,295
5,11,47
5,11,143
5,11,167
5,11,173
143,271,3
143,271,7
138,295,139
233,99,129
131,267,135
19,137,98
19,137,290
97,41,115
320,131,395
320,131,425
193,139,295
11,140,35
140,35,137
140,35,152
140,35,200
73,0,0
73,0,3
73,0,33
219,33,0
219,33,16
219,33,64
299,137,34
147,301,11
40,145,107
40,145,299
40,145,361
131,423,203
131,423,395
43,140,3
391,3,4
391,3,9
391,3,136
391,3,256
391,3,260
355,33,73
355,33,193
97,177,105
57,153,35
57,153,291
121,59,13
57,137,98
57,137,290
331,173,19
483,163,9
195,160,65
15,0,0
75,160,65
138,0,0
138,0,3
138,0,9
138,0,33
138,0,129
123,9,4
161,225,225
397,139,35
0,33,219
0,33,249
137,59,61
265,131,163
265,131,291
265,131,387
265,131,417
265,131,419
57,33,80
57,33,136
57,33,193
65,33,155
65,33,185
9,33,211
9,33,241
267,135,11
267,135,259
267,135,265
267,135,267
179,41,80
73,161,99
73,161,163
73,161,195
73,161,225
73,161,227
183,363,129
169,3,260
33,137,115
33,137,295
15,9,20
15,9,34
15,9,49
320,0,0
320,0,3
320,0,9
320,0,33
320,0,129
173,51,9
130,257,139
130,257,163
17,33,203
17,33,233
51,137,34
51,137,98
51,137,290
65,137,47
65,137,55
65,137,167
65,137,295
161,107,181
131,290,137
115,129,64
115,129,256
115,129,320
387,259,133
163,137,34
163,137,38
163,137,50
163,137,98
163,137,290
393,483,163
34,129,331
34,129,361
34,129,451
34,129,481
271,11,20
131,41,57
130,35,157
130,35,457
155,41,20
73,59,61
419,3,136
141,39,11
385,0,0
385,0,3
385,0,33
385,459,167
25,41,51
25,41,147
25,41,163
25,41,177
25,41,179
391,419,193
35,397,139
163,320,129
57,51,137
57,51,393
43,0,0
43,0,129
147,41,41
147,41,57
361,163,129
397,37,11
225,233,49
225,233,51
135,267,7
135,267,131
135,267,133
135,267,135
177,201,35
177,201,291
129,483,483
131,387,387
259,173,91
151,395,259
137,355,163
303,129,64
145,227,481
167,11,260
225,0,0
25,163,451
25,163,481
265,7,15
67,143,271
51,201,161
59,153,33
189,107,129
155,39,9
11,161,225
42,162,457
73,37,27
129,331,167
243,136,34
133,169,115
355,25,41
15,11,161
15,11,165
131,392,35
25,59,61
25,59,173
157,59,41
59,0,0
40,3,143
40,3,271
40,3,391
40,3,395
40,3,421
385,131,43
385,131,267
385,131,291
385,131,297
385,131,299
167,0,0
133,331,163
133,331,167
290,0,0
290,0,9
290,0,129
152,33,11
152,33,25
152,33,41
152,33,43
152,33,73
152,33,80
152,33,131
152,33,136
152,33,145
152,33,161
152,33,163
152,33,193
417,131,11
417,131,267
75,37,25
173,123,41
173,123,161
13,7,267
217,33,16
217,33,64
181,203,289
385,107,181
195,419,385
195,419,393
185,121,33
185,121,49
227,425,19
137,55,43
233,35,136
165,99,137
165,99,201
169,115,137
169,115,168
169,115,169
133,10,7
133,10,37
47,3,136
162,65,161
162,65,169
217,9,19
217,9,49
195,33,25
195,33,80
195,33,136
9,7,271
105,153,35
105,153,39
13,0,0
13,0,3
13,0,33
159,33,64
136,0,0
136,0,3
136,0,9
136,0,33
136,0,129
265,169,115
7,265,147
35,425,211
421,97,137
297,19,13
423,136,34
481,129,3
481,129,34
481,129,64
481,129,256
481,129,320
451,35,136
47,155,289
9,61,59
173,0,0
105,241,161
173,11,20
61,123,161
257,129,107
257,129,227
3,421,203
10,4,11
195,0,0
97,136,35
259,137,38
259,137,50
0,129,363
0,129,483
457,0,0
423,129,64
265,35,152
265,35,200
151,35,136
291,137,34
291,137,38
291,137,50
115,0,0
295,137,34
7,136,35
155,3,260
67,421,139
67,421,203
395,167,73
387,393,35
387,393,51
179,137,34
35,140,11
145,489,227
37,43,157
73,160,67
73,160,97
45,27,13
45,27,37
45,27,41
45,27,45
177,99,137
177,99,393
161,169,91
256,131,303
256,131,423
256,131,459
256,131,489
185,35,136
39,136,3
39,136,33
193,35,140
193,35,392
49,169,91
49,169,211
489,34,136
129,481,227
99,137,34
99,137,38
99,137,50
203,423,11
203,423,131
41,0,0
41,0,3
41,0,129
169,91,37
9,47,31
9,47,159
137,98,161
35,217,169
295,138,138
295,138,168
41,59,61
153,34,9
153,34,129
11,189,59
11,189,107
13,43,151
13,43,181
91,161,320
421,139,3
165,11,11
165,11,15
107,33,136
225,481,131
320,161,203
320,161,233
391,259,130
200,161,99
75,137,38
75,137,50
297,151,11
137,107,181
19,139,301
19,139,421
35,131,393
417,227,193
417,227,201
489,131,256
35,11,141
289,193,225
168,19,45
168,19,297
451,425,19
129,35,157
129,35,457
157,47,11
193,481,163
193,481,227
129,67,421
5,139,295
483,129,0
483,129,64
483,129,256
225,241,41
165,0,0
225,160,65
27,35,140
27,35,392
301,11,20
267,391,131
161,195,417
35,163,457
3,385,451
67,41,115
129,43,31
129,43,61
295,9,4
295,9,16
295,9,20
136,35,143
136,35,155
136,35,157
136,35,173
136,35,185
136,35,203
136,35,233
136,35,395
136,35,425
136,35,457
11,11,165
73,131,457
392,35,137
392,35,152
392,35,200
129,131,299
189,34,136
15,47,25
15,47,153
201,39,11
19,40,25
19,40,145
165,9,19
165,9,20
165,9,34
211,33,9
211,33,16
211,33,64
211,33,80
211,33,136
387,3,13
387,3,136
387,3,260
67,385,387
303,155,33
91,7,137
20,9,31
20,9,43
20,9,47
20,9,59
20,9,61
20,9,151
20,9,163
20,9,167
20,9,179
20,9,181
10,35,157
10,35,457
425,131,320
160,65,163
160,65,169
159,11,4
417,35,152
417,35,200
425,35,136
145,40,19
145,40,49
157,33,16
157,33,64
157,33,80
51,153,41
217,129,67
217,129,97
260,139,295
189,59,9
177,361,131
34,0,0
34,0,3
34,0,9
34,0,33
34,0,129
385,34,137
3,399,399
227,161,80
173,67,160
425,0,0
35,185,121
45,137,98
45,137,290
193,0,0
193,0,3
193,0,33
393,51,41
241,233,33
241,233,35
241,233,49
241,233,97
241,233,161
80,41,59
80,41,179
61,9,3
61,9,4
61,9,16
61,9,20
61,9,34
227,481,129
227,481,193
291,219,169
193,43,31
193,43,61
417,211,41
271,167,73
75,181,41
265,0,0
265,0,3
265,0,33
91,41,20
177,40,17
162,137,35
131,417,195
179,361,129
179,361,145
33,203,421
33,203,423
135,0,0
121,49,40
489,227,129
67,173,59
67,173,91
11,143,271
133,107,181
133,107,185
13,159,299
385,299,151
133,75,165
177,33,73
177,33,80
177,33,136
41,27,45
387,391,11
193,97,177
31,43,129
165,203,289
165,203,291
40,33,91
40,33,155
40,33,203
40,33,211
40,33,241
33,129,331
33,129,451
267,129,34
267,129,97
267,129,320
131,457,163
133,259,387
133,35,152
133,35,200
193,131,457
211,41,20
139,260,3
105,33,80
105,33,136
105,33,145
15,3,136
15,3,260
15,3,385
299,129,64
299,129,256
299,129,320
137,295,139
179,393,3
129,107,181
129,107,189
265,130,259
265,130,289
169,241,97
7,43,157
265,19,45
25,139,295
419,451,129
419,451,385
137,41,51
393,183,43
33,136,35
9,63,63
73,49,57
37,27,45
163,0,0
163,0,9
459,3,4
265,139,295
291,153,41
57,41,131
57,41,147
421,67,160
115,168,138
115,168,168
139,421,67
33,16,41
17,9,47
17,9,167
181,41,80
73,169,115
9,31,47
361,185,49
257,163,457
13,27,45
163,9,20
167,459,131
167,459,161
25,40,19
25,40,49
165,3,136
165,3,260
165,3,265
65,129,299
65,129,419
